023013002333
023013003132
023013003133
023013003203
023013003211
023013003212
023013003213
023013003220
023013003221
023013003222
023013003223
023013003230
023013003231
023013003232
023013003233
023013003300
023013003301
023013003302
023013003303
023013003310
023013003311
023013003312
023013003313
023013003320
023013003321
023013003322
023013003323
023013003330
023013003331
023013003332
023013003333
023013012022
023013012023
023013012032
023013012200
023013012201
023013012202
023013012203
023013012210
023013012211
023013012212
023013012213
023013012220
023013012221
023013012222
023013012223
023013012230
023013012231
023013012232
023013012233
023013012300
023013012302
023013012303
023013012312
023013012320
023013012321
023013012322
023013012323
023013012330
023013012331
023013012332
023013012333
023013013222
023013020110
023013020111
023013020112
023013020113
023013020121
023013020123
023013020130
023013020131
023013020132
023013020133
023013020300
023013020301
023013020302
023013020303
023013020310
023013020311
023013020312
023013020313
023013020320
023013020321
023013020322
023013020323
023013020330
023013020331
023013020332
023013020333
023013021000
023013021001
023013021002
023013021003
023013021010
023013021011
023013021012
023013021013
023013021020
023013021021
023013021022
023013021023
023013021030
023013021031
023013021032
023013021033
023013021100
023013021101
023013021102
023013021103
023013021110
023013021111
023013021112
023013021113
023013021120
023013021121
023013021122
023013021123
023013021130
023013021131
023013021132
023013021133
023013021200
023013021201
023013021202
023013021203
023013021210
023013021211
023013021212
023013021213
023013021220
023013021221
023013021222
023013021223
023013021230
023013021231
023013021232
023013021233
023013021300
023013021301
023013021302
023013021303
023013021310
023013021311
023013021312
023013021313
023013021320
023013021321
023013021322
023013021323
023013021330
023013021331
023013021332
023013021333
023013022013
023013022031
023013022033
023013022100
023013022101
023013022102
023013022103
023013022110
023013022111
023013022112
023013022113
023013022120
023013022121
023013022122
023013022123
023013022130
023013022131
023013022132
023013022133
023013022211
023013022300
023013022301
023013022302
023013022303
023013022310
023013022311
023013022312
023013022313
023013022320
023013022321
023013022322
023013022323
023013022330
023013022331
023013022332
023013022333
023013023000
023013023001
023013023002
023013023003
023013023010
023013023011
023013023012
023013023013
023013023020
023013023021
023013023022
023013023023
023013023030
023013023031
023013023032
023013023033
023013023100
023013023101
023013023102
023013023103
023013023110
023013023111
023013023112
0230130231130
0230130231131
0230130231132
0230130231133
023013023120
023013023121
023013023122
0230130231230
0230130231231
0230130231232
0230130231233
0230130231300
0230130231301
0230130231302
0230130231303
0230130231310
0230130231311
0230130231312
0230130231313
0230130231320
0230130231321
0230130231322
0230130231323
0230130231330
0230130231331
0230130231332
0230130231333
023013023200
023013023201
023013023202
023013023203
023013023210
023013023211
023013023212
023013023213
023013023220
023013023221
023013023222
023013023223
023013023230
023013023231
023013023232
023013023233
023013023300
0230130233010
0230130233011
0230130233012
0230130233013
0230130233020
0230130233021
0230130233022
0230130233023
0230130233030
0230130233031
0230130233032
0230130233033
0230130233100
0230130233101
0230130233102
0230130233103
0230130233110
0230130233111
0230130233112
0230130233113
0230130233120
0230130233121
0230130233122
0230130233123
0230130233130
0230130233131
0230130233132
0230130233133
0230130233200
0230130233201
0230130233202
0230130233203
0230130233210
0230130233211
0230130233212
0230130233213
0230130233220
0230130233221
0230130233222
0230130233223
0230130233230
0230130233231
0230130233232
0230130233233
0230130233300
0230130233301
0230130233302
0230130233303
0230130233310
0230130233311
0230130233312
0230130233313
0230130233320
0230130233321
0230130233322
0230130233323
0230130233330
0230130233331
0230130233332
0230130233333
023013030000
023013030001
023013030002
023013030003
023013030010
023013030011
023013030012
023013030013
023013030020
023013030021
023013030022
023013030023
023013030030
023013030031
023013030032
023013030033
023013030100
023013030101
023013030102
023013030103
023013030110
023013030111
023013030112
023013030113
023013030120
023013030121
023013030122
023013030123
023013030130
023013030131
023013030132
023013030133
023013030200
023013030201
023013030202
023013030203
023013030210
023013030211
023013030212
023013030213
023013030220
023013030221
023013030222
023013030223
023013030230
023013030231
023013030232
023013030233
023013030300
023013030301
023013030302
023013030303
023013030310
023013030311
023013030312
023013030313
023013030320
023013030321
023013030322
023013030323
023013030330
023013030331
023013030332
023013030333
023013031000
023013031001
023013031002
023013031003
023013031012
023013031020
023013031021
023013031022
023013031023
023013031030
023013031031
023013031032
023013031033
023013031200
023013031201
023013031202
023013031203
023013031210
023013031211
023013031212
023013031213
023013031220
023013031221
023013031222
023013031223
023013031230
023013031231
023013031232
023013031233
023013031300
023013031302
023013031303
023013031320
023013031321
023013031322
023013031323
023013032000
023013032001
0230130320020
0230130320021
0230130320022
0230130320023
0230130320030
0230130320031
0230130320032
0230130320033
0230130320100
0230130320101
0230130320102
0230130320103
0230130320110
0230130320111
0230130320112
0230130320113
0230130320120
0230130320121
0230130320122
0230130320123
0230130320130
0230130320131
0230130320132
0230130320133
0230130320200
0230130320201
0230130320202
0230130320203
0230130320210
0230130320211
0230130320212
0230130320213
0230130320220
0230130320221
0230130320222
0230130320223
0230130320230
0230130320231
0230130320232
0230130320233
0230130320300
0230130320301
0230130320302
0230130320303
0230130320310
0230130320311
0230130320312
0230130320313
0230130320320
0230130320321
0230130320322
0230130320323
0230130320330
0230130320331
0230130320332
0230130320333
023013032100
023013032101
0230130321020
0230130321021
0230130321022
0230130321023
0230130321030
0230130321031
0230130321032
0230130321033
023013032110
023013032111
0230130321120
0230130321121
0230130321122
0230130321123
023013032113
0230130321200
0230130321201
0230130321202
0230130321203
0230130321210
0230130321211
0230130321212
0230130321213
0230130321220
0230130321221
0230130321222
0230130321223
0230130321230
0230130321231
0230130321232
0230130321233
0230130321300
0230130321301
0230130321302
0230130321303
0230130321310
0230130321311
0230130321312
0230130321313
0230130321320
0230130321321
0230130321322
0230130321323
0230130321330
0230130321331
0230130321332
0230130321333
0230130322000
0230130322001
0230130322002
0230130322003
0230130322010
0230130322011
0230130322012
0230130322013
0230130322020
0230130322021
0230130322022
0230130322023
0230130322030
0230130322031
0230130322032
0230130322033
0230130322100
0230130322101
0230130322102
0230130322103
0230130322110
0230130322111
0230130322112
0230130322113
0230130322120
0230130322121
0230130322122
0230130322123
0230130322130
0230130322131
0230130322132
0230130322133
0230130322200
0230130322201
0230130322202
0230130322203
0230130322210
0230130322211
0230130322212
0230130322213
0230130322220
0230130322221
0230130322222
0230130322223
0230130322230
0230130322231
0230130322232
0230130322233
0230130322300
0230130322301
0230130322302
02301303223030
02301303223031
02301303223032
02301303223033
0230130322310
0230130322311
02301303223120
02301303223121
02301303223122
02301303223123
02301303223130
02301303223131
02301303223132
02301303223133
02301303223200
02301303223201
02301303223202
02301303223203
02301303223210
02301303223211
02301303223212
02301303223213
02301303223220
02301303223221
02301303223222
02301303223223
02301303223230
02301303223231
02301303223232
02301303223233
02301303223300
02301303223301
02301303223302
02301303223303
02301303223310
02301303223311
02301303223312
02301303223313
02301303223320
02301303223321
02301303223322
02301303223323
02301303223330
02301303223331
02301303223332
02301303223333
0230130323000
0230130323001
0230130323002
0230130323003
0230130323010
0230130323011
0230130323012
0230130323013
0230130323020
0230130323021
0230130323022
0230130323023
0230130323030
0230130323031
0230130323032
0230130323033
0230130323100
0230130323101
0230130323102
0230130323103
0230130323110
0230130323111
0230130323112
0230130323113
0230130323120
0230130323121
0230130323122
0230130323123
0230130323130
0230130323131
0230130323132
0230130323133
0230130323200
0230130323201
0230130323202
0230130323203
0230130323210
0230130323211
0230130323212
0230130323213
0230130323220
0230130323221
0230130323222
0230130323223
0230130323230
0230130323231
0230130323232
0230130323233
0230130323300
0230130323301
0230130323302
0230130323303
0230130323310
0230130323311
0230130323312
0230130323313
0230130323320
0230130323321
0230130323322
0230130323323
0230130323330
0230130323331
0230130323332
0230130323333
023013033000
023013033001
023013033002
023013033003
023013033010
023013033011
023013033012
023013033013
023013033020
023013033021
0230130330220
0230130330221
0230130330222
0230130330223
023013033023
023013033030
023013033031
023013033032
023013033033
023013033100
023013033101
023013033102
023013033103
023013033110
023013033112
023013033120
023013033121
023013033122
023013033123
023013033130
023013033132
023013033133
0230130332000
0230130332001
0230130332002
0230130332003
023013033201
0230130332020
0230130332021
0230130332022
0230130332023
0230130332030
0230130332031
0230130332032
0230130332033
023013033210
023013033211
023013033212
023013033213
0230130332200
0230130332201
0230130332202
0230130332203
0230130332210
0230130332211
0230130332212
0230130332213
0230130332220
0230130332221
0230130332222
0230130332223
0230130332230
0230130332231
0230130332232
0230130332233
023013033230
023013033231
023013033232
023013033233
023013033300
023013033301
023013033302
023013033303
023013033310
023013033311
023013033312
023013033313
023013033320
023013033321
023013033322
023013033323
023013033330
023013033331
023013033332
023013033333
023013200100
023013200101
023013200103
023013200110
023013200111
023013200112
023013200113
023013200121
023013200123
023013200130
023013200131
023013200132
023013200133
023013200310
023013200311
023013200313
023013200331
023013200333
023013201000
023013201001
023013201002
023013201003
023013201010
023013201011
023013201012
023013201013
023013201020
023013201021
023013201022
023013201023
023013201030
023013201031
023013201032
023013201033
0230132011000
0230132011001
0230132011002
0230132011003
0230132011010
0230132011011
0230132011012
0230132011013
0230132011020
0230132011021
0230132011022
0230132011023
0230132011030
0230132011031
0230132011032
0230132011033
0230132011100
0230132011101
0230132011102
0230132011103
0230132011110
0230132011111
0230132011112
0230132011113
0230132011120
0230132011121
0230132011122
0230132011123
0230132011130
0230132011131
0230132011132
0230132011133
0230132011200
0230132011201
0230132011202
0230132011203
0230132011210
0230132011211
0230132011212
0230132011213
0230132011220
0230132011221
0230132011222
0230132011223
0230132011230
0230132011231
0230132011232
0230132011233
0230132011300
0230132011301
0230132011302
0230132011303
0230132011310
0230132011311
0230132011312
0230132011313
0230132011320
0230132011321
0230132011322
0230132011323
0230132011330
0230132011331
0230132011332
0230132011333
023013201200
023013201201
023013201202
023013201203
023013201210
023013201211
023013201212
023013201213
023013201220
023013201221
023013201222
023013201223
023013201230
023013201231
023013201232
023013201233
023013201300
0230132013010
0230132013011
0230132013012
0230132013013
023013201302
0230132013030
0230132013031
0230132013032
0230132013033
0230132013100
0230132013101
0230132013102
0230132013103
0230132013110
0230132013111
0230132013112
0230132013113
0230132013120
0230132013121
0230132013122
0230132013123
0230132013130
0230132013131
0230132013132
0230132013133
023013201320
023013201321
023013201322
023013201323
0230132013300
0230132013301
0230132013302
0230132013303
0230132013310
0230132013311
0230132013312
0230132013313
0230132013320
0230132013321
0230132013322
0230132013323
0230132013330
0230132013331
0230132013332
0230132013333
023013202111
023013203000
023013203001
023013203002
023013203003
023013203010
023013203011
023013203012
023013203013
023013203020
023013203021
023013203023
023013203030
023013203031
023013203032
023013203033
023013203100
023013203101
023013203102
023013203103
023013203110
023013203111
023013203112
023013203113
023013203120
023013203121
023013203122
023013203123
023013203130
023013203131
023013203132
023013203133
023013203201
023013203210
023013203211
023013203212
023013203213
023013203231
023013203300
023013203301
023013203302
023013203303
023013203310
023013203311
023013203312
023013203313
023013203320
023013203321
023013203322
023013203323
023013203330
023013203331
023013203332
023013203333
0230132100000
0230132100001
0230132100002
0230132100003
0230132100010
0230132100011
0230132100012
0230132100013
0230132100020
0230132100021
0230132100022
0230132100023
0230132100030
0230132100031
0230132100032
0230132100033
02301321001000
02301321001001
02301321001002
02301321001003
02301321001010
02301321001011
02301321001012
02301321001013
02301321001020
02301321001021
02301321001022
02301321001023
02301321001030
02301321001031
02301321001032
02301321001033
02301321001100
02301321001101
02301321001102
02301321001103
02301321001110
02301321001111
02301321001112
02301321001113
02301321001120
02301321001121
02301321001122
02301321001123
02301321001130
02301321001131
02301321001132
02301321001133
02301321001200
02301321001201
02301321001202
02301321001203
02301321001210
02301321001211
02301321001212
02301321001213
02301321001220
02301321001221
02301321001222
02301321001223
02301321001230
02301321001231
02301321001232
02301321001233
02301321001300
02301321001301
02301321001302
02301321001303
02301321001310
02301321001311
02301321001312
02301321001313
02301321001320
02301321001321
02301321001322
02301321001323
02301321001330
02301321001331
02301321001332
02301321001333
0230132100200
0230132100201
0230132100202
0230132100203
0230132100210
0230132100211
0230132100212
0230132100213
0230132100220
0230132100221
0230132100222
0230132100223
0230132100230
0230132100231
0230132100232
0230132100233
02301321003000
02301321003001
02301321003002
02301321003003
02301321003010
02301321003011
02301321003012
02301321003013
0230132100302
02301321003030
02301321003031
02301321003032
02301321003033
02301321003100
02301321003101
02301321003102
02301321003103
02301321003110
02301321003111
02301321003112
02301321003113
02301321003120
02301321003121
02301321003122
02301321003123
02301321003130
02301321003131
02301321003132
02301321003133
0230132100320
02301321003210
02301321003211
02301321003212
02301321003213
0230132100322
0230132100323
02301321003300
02301321003301
02301321003302
02301321003303
02301321003310
02301321003311
02301321003312
02301321003313
02301321003320
02301321003321
02301321003322
02301321003323
02301321003330
02301321003331
02301321003332
02301321003333
02301321010000
02301321010001
02301321010002
02301321010003
0230132101001
02301321010020
02301321010021
02301321010022
02301321010023
0230132101003
0230132101010
0230132101011
0230132101012
0230132101013
02301321010200
02301321010201
02301321010202
02301321010203
0230132101021
02301321010220
02301321010221
02301321010222
02301321010223
0230132101023
0230132101030
0230132101031
0230132101032
0230132101033
0230132101100
0230132101101
0230132101102
0230132101103
0230132101110
0230132101111
0230132101112
0230132101113
0230132101120
0230132101121
0230132101122
0230132101123
0230132101130
0230132101131
0230132101132
0230132101133
02301321012000
02301321012001
02301321012002
02301321012003
0230132101201
02301321012020
02301321012021
02301321012022
02301321012023
0230132101203
0230132101210
0230132101211
0230132101212
0230132101213
02301321012200
02301321012201
02301321012202
02301321012203
0230132101221
0230132101222
0230132101223
0230132101230
0230132101231
0230132101232
0230132101233
0230132101300
0230132101301
0230132101302
0230132101303
0230132101310
0230132101311
0230132101312
0230132101313
0230132101320
0230132101321
0230132101322
0230132101323
0230132101330
0230132101331
0230132101332
0230132101333
0230132102000
0230132102001
0230132102002
0230132102003
0230132102010
0230132102011
0230132102012
0230132102013
0230132102020
0230132102021
0230132102022
0230132102023
0230132102030
0230132102031
0230132102032
0230132102033
0230132102100
0230132102101
0230132102102
0230132102103
0230132102110
0230132102111
0230132102112
0230132102113
0230132102120
0230132102121
0230132102122
0230132102123
0230132102130
0230132102131
0230132102132
0230132102133
0230132102200
0230132102201
0230132102202
0230132102203
0230132102210
0230132102211
0230132102212
0230132102213
0230132102220
0230132102221
0230132102222
0230132102223
0230132102230
0230132102231
0230132102232
0230132102233
0230132102300
0230132102301
0230132102302
0230132102303
0230132102310
0230132102311
0230132102312
0230132102313
0230132102320
0230132102321
0230132102322
0230132102323
0230132102330
0230132102331
0230132102332
0230132102333
0230132103000
0230132103001
0230132103002
0230132103003
0230132103010
0230132103011
0230132103012
0230132103013
0230132103020
0230132103021
0230132103022
0230132103023
0230132103030
0230132103031
0230132103032
0230132103033
0230132103100
0230132103101
0230132103102
0230132103103
0230132103110
0230132103111
0230132103112
0230132103113
0230132103120
0230132103121
0230132103122
0230132103123
0230132103130
0230132103131
0230132103132
0230132103133
0230132103200
0230132103201
0230132103202
0230132103203
0230132103210
0230132103211
0230132103212
0230132103213
0230132103220
0230132103221
0230132103222
0230132103223
0230132103230
0230132103231
0230132103232
0230132103233
0230132103300
0230132103301
0230132103302
0230132103303
0230132103310
0230132103311
0230132103312
0230132103313
0230132103320
0230132103321
0230132103322
0230132103323
0230132103330
0230132103331
0230132103332
0230132103333
0230132110000
0230132110001
0230132110002
0230132110003
0230132110010
0230132110011
0230132110012
0230132110013
0230132110020
0230132110021
0230132110022
0230132110023
0230132110030
0230132110031
0230132110032
0230132110033
023013211010
023013211011
023013211012
023013211013
0230132110200
0230132110201
0230132110202
0230132110203
0230132110210
0230132110211
0230132110212
0230132110213
0230132110220
0230132110221
0230132110222
0230132110223
0230132110230
0230132110231
0230132110232
0230132110233
023013211030
023013211031
023013211032
023013211033
023013211100
023013211101
023013211102
023013211103
023013211110
023013211111
023013211112
023013211113
023013211120
023013211121
023013211122
023013211123
023013211130
023013211131
023013211132
023013211133
0230132112000
0230132112001
0230132112002
0230132112003
0230132112010
0230132112011
0230132112012
0230132112013
0230132112020
0230132112021
0230132112022
0230132112023
0230132112030
0230132112031
0230132112032
0230132112033
023013211210
023013211211
023013211212
023013211213
0230132112200
0230132112201
0230132112202
0230132112203
023013211221
023013211222
023013211223
023013211230
023013211231
023013211232
023013211233
023013211300
023013211301
023013211302
023013211303
023013211310
023013211311
023013211312
023013211313
023013211320
023013211321
023013211322
023013211323
023013211330
023013211331
023013211332
023013211333
0230132120000
0230132120001
0230132120002
0230132120003
0230132120010
0230132120011
0230132120012
0230132120013
023013212002
023013212003
0230132120100
0230132120101
0230132120102
0230132120103
0230132120110
0230132120111
0230132120112
0230132120113
0230132120120
0230132120121
0230132120122
0230132120123
0230132120130
0230132120131
0230132120132
0230132120133
023013212020
023013212021
023013212022
023013212023
023013212030
023013212031
023013212032
023013212033
0230132121000
0230132121001
0230132121002
0230132121003
0230132121010
0230132121011
0230132121012
0230132121013
0230132121020
0230132121021
0230132121022
0230132121023
023013212103
0230132121100
0230132121101
0230132121102
0230132121103
023013212111
023013212112
023013212113
023013212120
023013212121
023013212122
023013212123
023013212130
023013212131
023013212132
023013212133
023013212200
023013212201
023013212202
023013212203
023013212210
023013212211
023013212212
023013212213
023013212220
023013212221
023013212222
023013212223
023013212230
023013212231
023013212232
023013212233
023013212300
023013212301
023013212302
023013212303
023013212310
023013212311
023013212312
023013212313
023013212320
023013212321
023013212322
023013212323
023013212330
023013212331
023013212332
023013212333
023013213000
023013213001
023013213002
023013213003
023013213010
023013213011
023013213012
023013213013
023013213020
023013213021
023013213022
023013213023
023013213030
023013213031
023013213032
023013213033
023013213100
023013213101
023013213102
023013213103
023013213110
023013213112
023013213120
023013213121
023013213122
023013213123
023013213200
023013213201
023013213202
023013213203
023013213210
023013213211
023013213212
023013213213
023013213220
023013213221
023013213222
023013213223
023013213230
023013213231
023013213232
023013213300
023013213302
023013221110
023013221111
023013230000
023013230001
023013230002
023013230003
023013230010
023013230011
023013230012
023013230013
023013230100
023013230101
023013230102
023013230103
023013230110
023013230111
023013230112
023013231000
