132123030331
132123030332
132123030333
132123031202
132123031203
132123031211
132123031212
132123031213
132123031220
132123031221
132123031222
132123031223
132123031230
132123031231
132123031232
132123031233
132123031300
132123031301
132123031302
132123031303
132123031310
132123031311
132123031312
132123031313
132123031320
132123031321
132123031322
132123031323
132123031330
132123031331
132123031332
132123031333
132123032033
132123032101
132123032102
132123032103
132123032110
132123032111
132123032112
132123032113
132123032120
132123032121
132123032122
132123032123
132123032130
132123032131
132123032132
132123032133
132123032211
132123032213
132123032230
132123032231
132123032232
132123032233
132123032300
132123032301
132123032302
132123032303
132123032310
132123032311
132123032312
132123032313
132123032320
132123032321
132123032322
132123032323
132123032330
132123032331
132123032332
132123032333
132123033000
132123033001
132123033002
132123033003
132123033010
132123033011
132123033012
132123033013
132123033020
132123033021
132123033022
132123033023
132123033030
132123033031
132123033032
1321230330330
1321230330331
1321230330332
1321230330333
132123033100
132123033101
132123033102
132123033103
132123033110
132123033111
132123033112
132123033113
132123033120
1321230331210
1321230331211
1321230331212
1321230331213
1321230331220
1321230331221
1321230331222
1321230331223
1321230331230
1321230331231
1321230331232
1321230331233
1321230331300
1321230331301
1321230331302
1321230331303
132123033131
1321230331320
1321230331321
1321230331322
1321230331323
1321230331330
1321230331331
1321230331332
1321230331333
132123033200
1321230332010
1321230332011
1321230332012
1321230332013
132123033202
1321230332030
1321230332031
1321230332032
1321230332033
1321230332100
1321230332101
1321230332102
1321230332103
1321230332110
1321230332111
1321230332112
1321230332113
1321230332120
1321230332121
1321230332122
1321230332123
1321230332130
1321230332131
1321230332132
1321230332133
1321230332200
1321230332201
1321230332202
1321230332203
1321230332210
1321230332211
1321230332212
1321230332213
1321230332220
1321230332221
1321230332222
1321230332223
1321230332230
1321230332231
1321230332232
1321230332233
1321230332300
1321230332301
1321230332302
1321230332303
1321230332310
1321230332311
1321230332312
1321230332313
1321230332320
1321230332321
1321230332322
1321230332323
1321230332330
1321230332331
1321230332332
1321230332333
1321230333000
1321230333001
1321230333002
1321230333003
1321230333010
1321230333011
1321230333012
1321230333013
1321230333020
1321230333021
1321230333022
1321230333023
1321230333030
1321230333031
1321230333032
1321230333033
1321230333100
1321230333101
1321230333102
1321230333103
1321230333110
1321230333111
1321230333112
1321230333113
1321230333120
1321230333121
1321230333122
1321230333123
1321230333130
1321230333131
1321230333132
1321230333133
1321230333200
1321230333201
1321230333202
1321230333203
1321230333210
1321230333211
1321230333212
1321230333213
1321230333220
1321230333221
1321230333222
1321230333223
1321230333230
1321230333231
1321230333232
1321230333233
1321230333300
1321230333301
1321230333302
1321230333303
1321230333310
1321230333311
1321230333312
1321230333313
1321230333320
1321230333321
1321230333322
1321230333323
1321230333330
1321230333331
1321230333332
1321230333333
132123120200
132123120201
132123120202
132123120203
132123120210
132123120212
132123120213
132123120220
132123120221
132123120222
132123120223
132123120230
132123120231
132123120232
132123120233
132123120302
132123120303
132123120312
132123120320
132123120321
132123120322
132123120323
132123120330
132123120331
132123120332
132123120333
132123121222
132123122000
132123122001
132123122002
132123122003
132123122010
132123122011
132123122012
132123122013
132123122020
132123122021
1321231220220
1321231220221
1321231220222
1321231220223
1321231220230
1321231220231
1321231220232
1321231220233
132123122030
132123122031
1321231220320
1321231220321
1321231220322
1321231220323
1321231220330
1321231220331
1321231220332
1321231220333
132123122100
132123122101
132123122102
132123122103
132123122110
132123122111
132123122112
132123122113
132123122120
132123122121
132123122122
132123122123
132123122130
132123122131
132123122132
132123122133
1321231222000
1321231222001
1321231222002
1321231222003
1321231222010
1321231222011
1321231222012
1321231222013
1321231222020
1321231222021
1321231222022
1321231222023
1321231222030
1321231222031
1321231222032
1321231222033
1321231222100
1321231222101
1321231222102
1321231222103
1321231222110
1321231222111
1321231222112
1321231222113
1321231222120
1321231222121
1321231222122
1321231222123
1321231222130
1321231222131
1321231222132
1321231222133
1321231222200
1321231222201
1321231222202
1321231222203
1321231222210
1321231222211
1321231222212
1321231222213
1321231222220
1321231222221
1321231222222
1321231222223
1321231222230
1321231222231
1321231222232
1321231222233
1321231222300
1321231222301
1321231222302
1321231222303
1321231222310
1321231222311
1321231222312
1321231222313
1321231222320
1321231222321
1321231222322
1321231222323
1321231222330
1321231222331
1321231222332
1321231222333
1321231223000
1321231223001
1321231223002
1321231223003
1321231223010
1321231223011
1321231223012
1321231223013
1321231223020
1321231223021
1321231223022
1321231223023
1321231223030
1321231223031
1321231223032
1321231223033
132123122310
132123122311
1321231223120
1321231223121
1321231223122
1321231223123
132123122313
1321231223200
1321231223201
1321231223202
1321231223203
1321231223210
1321231223211
1321231223212
1321231223213
1321231223220
1321231223221
1321231223222
1321231223223
1321231223230
1321231223231
1321231223232
1321231223233
1321231223300
1321231223301
1321231223302
1321231223303
132123122331
1321231223320
1321231223321
1321231223322
1321231223323
1321231223330
1321231223331
1321231223332
1321231223333
132123123000
132123123001
132123123002
132123123003
132123123012
132123123020
132123123021
132123123022
132123123023
132123123030
132123123031
132123123032
132123123033
132123123200
132123123201
132123123202
132123123203
132123123210
132123123211
132123123212
132123123213
132123123220
132123123221
132123123222
132123123223
132123123230
132123123231
132123123232
132123123233
132123123300
132123123302
132123123320
132123123322
132123210010
132123210011
132123210012
132123210013
132123210030
132123210031
132123210032
132123210033
132123210100
132123210101
132123210102
132123210103
132123210110
1321232101110
1321232101111
1321232101112
1321232101113
132123210112
1321232101130
1321232101131
1321232101132
1321232101133
132123210120
132123210121
132123210122
132123210123
132123210130
1321232101310
1321232101311
1321232101312
1321232101313
132123210132
1321232101330
1321232101331
1321232101332
1321232101333
132123210210
132123210211
132123210212
132123210213
132123210230
132123210231
132123210232
132123210233
132123210300
132123210301
132123210302
132123210303
132123210310
1321232103110
1321232103111
1321232103112
1321232103113
132123210312
1321232103130
1321232103131
1321232103132
1321232103133
132123210320
132123210321
132123210322
132123210323
132123210330
1321232103310
1321232103311
1321232103312
1321232103313
132123210332
1321232103330
1321232103331
1321232103332
1321232103333
1321232110000
1321232110001
1321232110002
1321232110003
1321232110010
1321232110011
1321232110012
1321232110013
1321232110020
1321232110021
1321232110022
1321232110023
1321232110030
1321232110031
1321232110032
1321232110033
1321232110100
1321232110101
1321232110102
1321232110103
1321232110110
1321232110111
1321232110112
1321232110113
1321232110120
1321232110121
1321232110122
1321232110123
1321232110130
1321232110131
1321232110132
1321232110133
1321232110200
1321232110201
1321232110202
1321232110203
1321232110210
1321232110211
1321232110212
1321232110213
1321232110220
1321232110221
1321232110222
1321232110223
1321232110230
1321232110231
1321232110232
1321232110233
1321232110300
1321232110301
1321232110302
1321232110303
1321232110310
1321232110311
1321232110312
1321232110313
1321232110320
1321232110321
1321232110322
1321232110323
1321232110330
1321232110331
1321232110332
1321232110333
1321232111000
1321232111001
1321232111002
1321232111003
13212321110100
13212321110101
13212321110102
13212321110103
13212321110110
13212321110111
13212321110112
13212321110113
13212321110120
13212321110121
13212321110122
13212321110123
13212321110130
13212321110131
13212321110132
13212321110133
1321232111020
1321232111021
1321232111022
1321232111023
13212321110300
13212321110301
13212321110302
13212321110303
13212321110310
13212321110311
13212321110312
13212321110313
13212321110320
13212321110321
13212321110322
13212321110323
13212321110330
13212321110331
13212321110332
13212321110333
13212321111000
13212321111001
13212321111002
13212321111003
13212321111010
13212321111011
13212321111012
13212321111013
13212321111020
13212321111021
13212321111022
13212321111023
13212321111030
13212321111031
13212321111032
13212321111033
13212321111100
13212321111101
13212321111102
13212321111103
13212321111110
13212321111111
13212321111112
13212321111113
13212321111120
13212321111121
13212321111122
13212321111123
13212321111130
13212321111131
13212321111132
13212321111133
13212321111200
13212321111201
13212321111202
13212321111203
13212321111210
13212321111211
13212321111212
13212321111213
13212321111220
13212321111221
13212321111222
13212321111223
13212321111230
13212321111231
13212321111232
13212321111233
13212321111300
13212321111301
13212321111302
13212321111303
13212321111310
13212321111311
13212321111312
13212321111313
13212321111320
13212321111321
13212321111322
13212321111323
13212321111330
13212321111331
13212321111332
13212321111333
1321232111200
13212321112010
13212321112011
13212321112012
13212321112013
1321232111202
13212321112030
13212321112031
13212321112032
13212321112033
13212321112100
13212321112101
13212321112102
13212321112103
13212321112110
13212321112111
13212321112112
13212321112113
13212321112120
13212321112121
13212321112122
13212321112123
13212321112130
13212321112131
13212321112132
13212321112133
1321232111220
13212321112210
13212321112211
13212321112212
13212321112213
1321232111222
13212321112230
13212321112231
13212321112232
13212321112233
13212321112300
13212321112301
13212321112302
13212321112303
13212321112310
13212321112311
13212321112312
13212321112313
13212321112320
13212321112321
13212321112322
13212321112323
13212321112330
13212321112331
13212321112332
13212321112333
13212321113000
13212321113001
13212321113002
13212321113003
13212321113010
13212321113011
13212321113012
13212321113013
13212321113020
13212321113021
13212321113022
13212321113023
13212321113030
13212321113031
13212321113032
13212321113033
13212321113100
13212321113101
13212321113102
13212321113103
13212321113110
13212321113111
13212321113112
13212321113113
13212321113120
13212321113121
13212321113122
13212321113123
13212321113130
13212321113131
13212321113132
13212321113133
13212321113200
13212321113201
13212321113202
13212321113203
13212321113210
13212321113211
13212321113212
13212321113213
13212321113220
13212321113221
13212321113222
13212321113223
13212321113230
13212321113231
13212321113232
13212321113233
13212321113300
13212321113301
13212321113302
13212321113303
13212321113310
13212321113311
13212321113312
13212321113313
13212321113320
13212321113321
13212321113322
13212321113323
13212321113330
13212321113331
13212321113332
13212321113333
1321232112000
1321232112001
1321232112002
1321232112003
1321232112010
1321232112011
1321232112012
1321232112013
1321232112020
1321232112021
1321232112022
1321232112023
1321232112030
1321232112031
1321232112032
1321232112033
1321232112100
1321232112101
1321232112102
1321232112103
1321232112110
1321232112111
1321232112112
1321232112113
1321232112120
1321232112121
1321232112122
1321232112123
1321232112130
1321232112131
1321232112132
1321232112133
1321232112200
1321232112201
1321232112202
1321232112203
1321232112210
1321232112211
1321232112212
1321232112213
1321232112220
1321232112221
1321232112222
1321232112223
1321232112230
1321232112231
1321232112232
1321232112233
1321232112300
1321232112301
1321232112302
1321232112303
1321232112310
1321232112311
1321232112312
1321232112313
1321232112320
1321232112321
1321232112322
1321232112323
1321232112330
1321232112331
1321232112332
1321232112333
1321232113000
13212321130010
13212321130011
13212321130012
13212321130013
1321232113002
13212321130030
13212321130031
13212321130032
13212321130033
13212321130100
13212321130101
13212321130102
13212321130103
13212321130110
13212321130111
13212321130112
13212321130113
13212321130120
13212321130121
13212321130122
13212321130123
13212321130130
13212321130131
13212321130132
13212321130133
1321232113020
13212321130210
13212321130211
13212321130212
13212321130213
1321232113022
13212321130230
13212321130231
13212321130232
13212321130233
13212321130300
13212321130301
13212321130302
13212321130303
13212321130310
13212321130311
13212321130312
13212321130313
13212321130320
13212321130321
13212321130322
13212321130323
13212321130330
13212321130331
13212321130332
13212321130333
13212321131000
13212321131001
13212321131002
13212321131003
13212321131010
13212321131011
13212321131012
13212321131013
13212321131020
13212321131021
13212321131022
13212321131023
13212321131030
13212321131031
13212321131032
13212321131033
13212321131100
13212321131101
13212321131102
13212321131103
13212321131110
13212321131111
13212321131112
13212321131113
13212321131120
13212321131121
13212321131122
13212321131123
13212321131130
13212321131131
13212321131132
13212321131133
13212321131200
13212321131201
13212321131202
13212321131203
13212321131210
13212321131211
13212321131212
13212321131213
13212321131220
13212321131221
13212321131222
13212321131223
13212321131230
13212321131231
13212321131232
13212321131233
13212321131300
13212321131301
13212321131302
13212321131303
13212321131310
13212321131311
13212321131312
13212321131313
13212321131320
13212321131321
13212321131322
13212321131323
13212321131330
13212321131331
13212321131332
13212321131333
1321232113200
13212321132010
13212321132011
13212321132012
13212321132013
1321232113202
13212321132030
13212321132031
13212321132032
13212321132033
13212321132100
13212321132101
13212321132102
13212321132103
13212321132110
13212321132111
13212321132112
13212321132113
13212321132120
13212321132121
13212321132122
13212321132123
13212321132130
13212321132131
13212321132132
13212321132133
1321232113220
13212321132210
13212321132211
13212321132212
13212321132213
13212321132220
13212321132221
13212321132222
13212321132223
13212321132230
13212321132231
13212321132232
13212321132233
13212321132300
13212321132301
13212321132302
13212321132303
13212321132310
13212321132311
13212321132312
13212321132313
13212321132320
13212321132321
13212321132322
13212321132323
13212321132330
13212321132331
13212321132332
13212321132333
13212321133000
13212321133001
13212321133002
13212321133003
13212321133010
13212321133011
13212321133012
13212321133013
13212321133020
13212321133021
13212321133022
13212321133023
13212321133030
13212321133031
13212321133032
13212321133033
13212321133100
13212321133101
13212321133102
13212321133103
13212321133110
13212321133111
13212321133112
13212321133113
13212321133120
13212321133121
13212321133122
13212321133123
13212321133130
13212321133131
13212321133132
13212321133133
13212321133200
13212321133201
13212321133202
13212321133203
13212321133210
13212321133211
13212321133212
13212321133213
13212321133220
13212321133221
13212321133222
13212321133223
13212321133230
13212321133231
13212321133232
13212321133233
13212321133300
13212321133301
13212321133302
13212321133303
13212321133310
13212321133311
13212321133312
13212321133313
13212321133320
13212321133321
13212321133322
13212321133323
13212321133330
13212321133331
13212321133332
13212321133333
132123212003
132123212010
132123212011
132123212012
132123212013
132123212021
132123212023
132123212030
132123212031
132123212032
132123212033
132123212100
132123212101
132123212102
132123212103
132123212110
1321232121110
1321232121111
1321232121112
1321232121113
132123212112
1321232121130
1321232121131
1321232121132
1321232121133
132123212120
132123212121
132123212122
132123212123
132123212130
1321232121310
1321232121311
1321232121312
1321232121313
132123212132
1321232121330
1321232121331
1321232121332
1321232121333
132123212201
132123212203
132123212210
132123212211
132123212212
132123212213
132123212230
132123212231
132123212232
132123212233
132123212300
132123212301
132123212302
132123212303
132123212310
1321232123110
1321232123111
1321232123112
1321232123113
132123212312
1321232123130
1321232123131
1321232123132
1321232123133
132123212320
132123212321
132123212322
132123212323
132123212330
132123212331
132123212332
132123212333
1321232130000
1321232130001
1321232130002
1321232130003
1321232130010
1321232130011
1321232130012
1321232130013
1321232130020
1321232130021
1321232130022
1321232130023
1321232130030
1321232130031
1321232130032
1321232130033
1321232130100
1321232130101
1321232130102
1321232130103
1321232130110
1321232130111
1321232130112
1321232130113
1321232130120
1321232130121
1321232130122
1321232130123
1321232130130
1321232130131
1321232130132
1321232130133
1321232130200
1321232130201
1321232130202
1321232130203
1321232130210
1321232130211
1321232130212
1321232130213
1321232130220
1321232130221
1321232130222
1321232130223
1321232130230
1321232130231
1321232130232
1321232130233
1321232130300
1321232130301
1321232130302
1321232130303
1321232130310
1321232130311
1321232130312
1321232130313
1321232130320
1321232130321
1321232130322
1321232130323
1321232130330
1321232130331
1321232130332
1321232130333
13212321310000
13212321310001
13212321310002
13212321310003
13212321310010
13212321310011
13212321310012
13212321310013
13212321310020
13212321310021
13212321310022
13212321310023
13212321310030
13212321310031
13212321310032
13212321310033
13212321310100
13212321310101
13212321310102
13212321310103
13212321310110
13212321310111
13212321310112
13212321310113
13212321310120
13212321310121
13212321310122
13212321310123
13212321310130
13212321310131
13212321310132
13212321310133
13212321310200
13212321310201
13212321310202
13212321310203
13212321310210
13212321310211
13212321310212
13212321310213
13212321310220
13212321310221
13212321310222
13212321310223
13212321310230
13212321310231
13212321310232
13212321310233
13212321310300
13212321310301
13212321310302
13212321310303
13212321310310
13212321310311
13212321310312
13212321310313
13212321310320
13212321310321
13212321310322
13212321310323
13212321310330
13212321310331
13212321310332
13212321310333
13212321311000
13212321311001
13212321311002
13212321311003
13212321311010
13212321311011
13212321311012
13212321311013
13212321311020
13212321311021
13212321311022
13212321311023
13212321311030
13212321311031
13212321311032
13212321311033
13212321311100
13212321311101
13212321311102
13212321311103
13212321311110
13212321311111
13212321311112
13212321311113
13212321311120
13212321311121
13212321311122
13212321311123
13212321311130
13212321311131
13212321311132
13212321311133
13212321311200
13212321311201
13212321311202
13212321311203
13212321311210
13212321311211
13212321311212
13212321311213
13212321311220
13212321311221
13212321311222
13212321311223
13212321311230
13212321311231
13212321311232
13212321311233
13212321311300
13212321311301
13212321311302
13212321311303
13212321311310
13212321311311
13212321311312
13212321311313
13212321311320
13212321311321
13212321311322
13212321311323
13212321311330
13212321311331
13212321311332
13212321311333
13212321312000
13212321312001
13212321312002
13212321312003
13212321312010
13212321312011
13212321312012
13212321312013
13212321312020
13212321312021
13212321312022
13212321312023
13212321312030
13212321312031
13212321312032
13212321312033
13212321312100
13212321312101
13212321312102
13212321312103
13212321312110
13212321312111
13212321312112
13212321312113
13212321312120
13212321312121
13212321312122
13212321312123
13212321312130
13212321312131
13212321312132
13212321312133
13212321312200
13212321312201
13212321312202
13212321312203
13212321312210
13212321312211
13212321312212
13212321312213
13212321312220
13212321312221
13212321312222
13212321312223
13212321312230
13212321312231
13212321312232
13212321312233
13212321312300
13212321312301
13212321312302
13212321312303
13212321312310
13212321312311
13212321312312
13212321312313
13212321312320
13212321312321
13212321312322
13212321312323
13212321312330
13212321312331
13212321312332
13212321312333
13212321313000
13212321313001
13212321313002
13212321313003
13212321313010
13212321313011
13212321313012
13212321313013
13212321313020
13212321313021
13212321313022
13212321313023
13212321313030
13212321313031
13212321313032
13212321313033
13212321313100
13212321313101
13212321313102
13212321313103
13212321313110
13212321313111
13212321313112
13212321313113
13212321313120
13212321313121
13212321313122
13212321313123
13212321313130
13212321313131
13212321313132
13212321313133
13212321313200
13212321313201
13212321313202
13212321313203
13212321313210
13212321313211
13212321313212
13212321313213
13212321313220
13212321313221
13212321313222
13212321313223
13212321313230
13212321313231
13212321313232
13212321313233
13212321313300
13212321313301
13212321313302
13212321313303
13212321313310
13212321313311
13212321313312
13212321313313
13212321313320
13212321313321
13212321313322
13212321313323
13212321313330
13212321313331
13212321313332
13212321313333
1321232132000
1321232132001
1321232132002
1321232132003
1321232132010
1321232132011
1321232132012
1321232132013
1321232132020
1321232132021
1321232132022
1321232132023
1321232132030
1321232132031
1321232132032
1321232132033
1321232132100
1321232132101
1321232132102
1321232132103
1321232132110
1321232132111
1321232132112
1321232132113
1321232132120
1321232132121
1321232132122
1321232132123
1321232132130
1321232132131
1321232132132
1321232132133
1321232132200
1321232132201
1321232132202
1321232132203
1321232132210
1321232132211
1321232132212
1321232132213
1321232132220
1321232132221
1321232132222
1321232132223
1321232132230
1321232132231
1321232132232
1321232132233
1321232132300
1321232132301
1321232132302
1321232132303
1321232132310
1321232132311
1321232132312
1321232132313
1321232132320
1321232132321
1321232132322
1321232132323
1321232132330
1321232132331
1321232132332
1321232132333
1321232133000
13212321330010
13212321330011
13212321330012
13212321330013
1321232133002
1321232133003
13212321330100
13212321330101
13212321330102
13212321330103
13212321330110
13212321330111
13212321330112
13212321330113
1321232133012
1321232133013
1321232133020
1321232133021
1321232133022
1321232133023
1321232133030
1321232133031
1321232133032
1321232133033
13212321331000
13212321331001
13212321331002
13212321331003
13212321331010
13212321331011
13212321331012
13212321331013
1321232133102
1321232133103
13212321331100
13212321331101
13212321331102
13212321331103
13212321331110
13212321331111
13212321331112
13212321331113
1321232133112
1321232133113
1321232133120
1321232133121
1321232133122
1321232133123
1321232133130
1321232133131
1321232133132
1321232133133
1321232133200
1321232133201
1321232133202
1321232133203
1321232133210
1321232133211
1321232133212
1321232133213
1321232133220
1321232133221
1321232133222
1321232133223
1321232133230
1321232133231
1321232133232
1321232133233
1321232133300
1321232133301
1321232133302
1321232133303
1321232133310
1321232133311
1321232133312
1321232133313
1321232133320
1321232133321
1321232133322
1321232133323
1321232133330
1321232133331
1321232133332
1321232133333
132123230010
132123230011
132123230013
132123230031
132123230100
132123230101
132123230102
132123230103
132123230110
132123230111
132123230112
132123230113
132123230120
132123230121
132123230122
132123230123
132123230130
132123230131
132123230132
132123230133
132123230301
132123230310
132123230311
132123230312
132123230313
132123230331
132123231000
1321232310010
1321232310011
1321232310012
1321232310013
132123231002
132123231003
1321232310100
1321232310101
1321232310102
1321232310103
1321232310110
1321232310111
1321232310112
1321232310113
132123231012
132123231013
132123231020
132123231021
132123231022
132123231023
132123231030
132123231031
132123231032
132123231033
1321232311000
1321232311001
1321232311002
1321232311003
1321232311010
1321232311011
1321232311012
1321232311013
1321232311020
1321232311021
1321232311022
1321232311023
1321232311030
1321232311031
1321232311032
1321232311033
1321232311100
1321232311101
1321232311102
1321232311103
1321232311110
1321232311111
1321232311112
1321232311113
1321232311120
1321232311121
1321232311122
1321232311123
1321232311130
1321232311131
1321232311132
1321232311133
132123231120
132123231121
132123231122
132123231123
132123231130
132123231131
132123231132
132123231133
132123231200
132123231201
132123231202
132123231203
132123231210
132123231211
132123231212
132123231213
132123231220
132123231221
132123231230
132123231231
132123231232
132123231233
132123231300
132123231301
132123231302
132123231303
132123231310
132123231311
132123231312
132123231313
132123231320
132123231321
132123231322
132123231323
132123231330
132123231331
132123231332
132123231333
13212330000000
13212330000001
13212330000002
13212330000003
13212330000010
13212330000011
13212330000012
13212330000013
13212330000020
13212330000021
13212330000022
13212330000023
13212330000030
13212330000031
13212330000032
13212330000033
13212330000100
13212330000101
13212330000102
13212330000103
13212330000110
13212330000111
13212330000112
13212330000113
13212330000120
13212330000121
13212330000122
13212330000123
13212330000130
13212330000131
13212330000132
13212330000133
13212330000200
13212330000201
13212330000202
13212330000203
13212330000210
13212330000211
13212330000212
13212330000213
13212330000220
13212330000221
13212330000222
13212330000223
13212330000230
13212330000231
13212330000232
13212330000233
13212330000300
13212330000301
13212330000302
13212330000303
13212330000310
13212330000311
13212330000312
13212330000313
13212330000320
13212330000321
13212330000322
13212330000323
13212330000330
13212330000331
13212330000332
13212330000333
1321233000100
1321233000101
13212330001020
13212330001021
13212330001022
13212330001023
1321233000103
1321233000110
1321233000111
1321233000112
1321233000113
13212330001200
13212330001201
13212330001202
13212330001203
1321233000121
13212330001220
13212330001221
13212330001222
13212330001223
1321233000123
1321233000130
1321233000131
1321233000132
1321233000133
13212330002000
13212330002001
13212330002002
13212330002003
13212330002010
13212330002011
13212330002012
13212330002013
13212330002020
13212330002021
13212330002022
13212330002023
13212330002030
13212330002031
13212330002032
13212330002033
13212330002100
13212330002101
13212330002102
13212330002103
13212330002110
13212330002111
13212330002112
13212330002113
13212330002120
13212330002121
13212330002122
13212330002123
13212330002130
13212330002131
13212330002132
13212330002133
13212330002200
13212330002201
13212330002202
13212330002203
13212330002210
13212330002211
13212330002212
13212330002213
13212330002220
13212330002221
13212330002222
13212330002223
13212330002230
13212330002231
13212330002232
13212330002233
13212330002300
13212330002301
13212330002302
13212330002303
13212330002310
13212330002311
13212330002312
13212330002313
13212330002320
13212330002321
13212330002322
13212330002323
13212330002330
13212330002331
13212330002332
13212330002333
13212330003000
13212330003001
13212330003002
13212330003003
1321233000301
13212330003020
13212330003021
13212330003022
13212330003023
1321233000303
1321233000310
1321233000311
1321233000312
1321233000313
13212330003200
13212330003201
13212330003202
13212330003203
1321233000321
13212330003220
13212330003221
13212330003222
13212330003223
1321233000323
1321233000330
1321233000331
1321233000332
1321233000333
1321233001000
1321233001001
1321233001002
1321233001003
1321233001010
1321233001011
1321233001012
1321233001013
1321233001020
1321233001021
1321233001022
1321233001023
1321233001030
1321233001031
1321233001032
1321233001033
1321233001100
1321233001101
1321233001102
1321233001103
1321233001110
1321233001111
1321233001112
1321233001113
1321233001120
1321233001121
1321233001122
1321233001123
1321233001130
1321233001131
1321233001132
1321233001133
1321233001200
1321233001201
1321233001202
1321233001203
1321233001210
1321233001211
1321233001212
1321233001213
1321233001220
1321233001221
1321233001222
1321233001223
1321233001230
1321233001231
1321233001232
1321233001233
1321233001300
1321233001301
1321233001302
1321233001303
1321233001310
1321233001311
1321233001312
1321233001313
1321233001320
1321233001321
1321233001322
1321233001323
1321233001330
1321233001331
1321233001332
1321233001333
13212330020000
13212330020001
13212330020002
13212330020003
13212330020010
13212330020011
13212330020012
13212330020013
13212330020020
13212330020021
13212330020022
13212330020023
13212330020030
13212330020031
13212330020032
13212330020033
13212330020100
13212330020101
13212330020102
13212330020103
13212330020110
13212330020111
13212330020112
13212330020113
13212330020120
13212330020121
13212330020122
13212330020123
13212330020130
13212330020131
13212330020132
13212330020133
13212330020200
13212330020201
13212330020202
13212330020203
13212330020210
13212330020211
13212330020212
13212330020213
13212330020220
13212330020221
13212330020222
13212330020223
13212330020230
13212330020231
13212330020232
13212330020233
13212330020300
13212330020301
13212330020302
13212330020303
13212330020310
13212330020311
13212330020312
13212330020313
13212330020320
13212330020321
13212330020322
13212330020323
13212330020330
13212330020331
13212330020332
13212330020333
13212330021000
13212330021001
13212330021002
13212330021003
1321233002101
13212330021020
13212330021021
13212330021022
13212330021023
1321233002103
1321233002110
1321233002111
1321233002112
1321233002113
13212330021200
13212330021201
13212330021202
13212330021203
1321233002121
13212330021220
13212330021221
13212330021222
13212330021223
1321233002123
1321233002130
1321233002131
1321233002132
1321233002133
13212330022000
13212330022001
13212330022002
13212330022003
13212330022010
13212330022011
13212330022012
13212330022013
13212330022020
13212330022021
13212330022022
13212330022023
13212330022030
13212330022031
13212330022032
13212330022033
13212330022100
13212330022101
13212330022102
13212330022103
13212330022110
13212330022111
13212330022112
13212330022113
13212330022120
13212330022121
13212330022122
13212330022123
13212330022130
13212330022131
13212330022132
13212330022133
13212330022200
13212330022201
13212330022202
13212330022203
13212330022210
13212330022211
13212330022212
13212330022213
13212330022220
13212330022221
13212330022222
13212330022223
13212330022230
13212330022231
13212330022232
13212330022233
13212330022300
13212330022301
13212330022302
13212330022303
13212330022310
13212330022311
13212330022312
13212330022313
13212330022320
13212330022321
13212330022322
13212330022323
13212330022330
13212330022331
13212330022332
13212330022333
1321233002300
1321233002301
1321233002302
1321233002303
1321233002310
1321233002311
1321233002312
1321233002313
1321233002320
1321233002321
1321233002322
1321233002323
1321233002330
1321233002331
1321233002332
1321233002333
1321233003000
1321233003001
1321233003002
1321233003003
1321233003010
1321233003011
1321233003012
1321233003013
1321233003020
1321233003021
1321233003022
1321233003023
1321233003030
1321233003031
1321233003032
1321233003033
1321233003100
1321233003101
1321233003102
1321233003103
1321233003110
1321233003111
1321233003112
1321233003113
1321233003120
1321233003121
1321233003122
1321233003123
1321233003130
1321233003131
1321233003132
1321233003133
1321233003200
1321233003201
1321233003202
1321233003203
1321233003210
1321233003211
1321233003212
1321233003213
1321233003220
1321233003221
1321233003222
1321233003223
1321233003230
1321233003231
1321233003232
1321233003233
1321233003300
1321233003301
1321233003302
1321233003303
1321233003310
1321233003311
1321233003312
1321233003313
1321233003320
1321233003321
1321233003322
1321233003323
132123300333
132123301000
132123301001
132123301002
132123301003
132123301010
132123301011
132123301012
132123301013
132123301020
132123301021
132123301022
132123301023
132123301030
132123301031
132123301032
132123301033
132123301100
132123301102
132123301120
132123301122
132123301200
132123301201
132123301202
132123301203
132123301210
132123301211
132123301212
132123301213
132123301220
132123301221
132123301222
132123301223
132123301230
132123301231
132123301232
132123301233
132123301300
132123301302
132123301320
132123301322
13212330200000
13212330200001
13212330200002
13212330200003
13212330200010
13212330200011
13212330200012
13212330200013
13212330200020
13212330200021
13212330200022
13212330200023
13212330200030
13212330200031
13212330200032
13212330200033
13212330200100
13212330200101
13212330200102
13212330200103
13212330200110
13212330200111
13212330200112
13212330200113
13212330200120
13212330200121
13212330200122
13212330200123
13212330200130
13212330200131
13212330200132
13212330200133
13212330200200
13212330200201
13212330200202
13212330200203
13212330200210
13212330200211
13212330200212
13212330200213
13212330200220
13212330200221
13212330200222
13212330200223
13212330200230
13212330200231
13212330200232
13212330200233
13212330200300
13212330200301
13212330200302
13212330200303
13212330200310
13212330200311
13212330200312
13212330200313
13212330200320
13212330200321
13212330200322
13212330200323
13212330200330
13212330200331
13212330200332
13212330200333
1321233020100
1321233020101
1321233020102
1321233020103
1321233020110
1321233020111
1321233020112
1321233020113
1321233020120
1321233020121
1321233020122
1321233020123
1321233020130
1321233020131
1321233020132
1321233020133
13212330202000
13212330202001
13212330202002
13212330202003
13212330202010
13212330202011
13212330202012
13212330202013
13212330202020
13212330202021
13212330202022
13212330202023
13212330202030
13212330202031
13212330202032
13212330202033
13212330202100
13212330202101
13212330202102
13212330202103
13212330202110
13212330202111
13212330202112
13212330202113
13212330202120
13212330202121
13212330202122
13212330202123
13212330202130
13212330202131
13212330202132
13212330202133
13212330202200
13212330202201
13212330202202
13212330202203
13212330202210
13212330202211
13212330202212
13212330202213
13212330202220
13212330202221
13212330202222
13212330202223
13212330202230
13212330202231
13212330202232
13212330202233
13212330202300
13212330202301
13212330202302
13212330202303
13212330202310
13212330202311
13212330202312
13212330202313
13212330202320
13212330202321
13212330202322
13212330202323
13212330202330
13212330202331
13212330202332
13212330202333
1321233020300
1321233020301
1321233020302
1321233020303
1321233020310
1321233020311
1321233020312
1321233020313
1321233020320
1321233020321
1321233020322
1321233020323
1321233020330
1321233020331
1321233020332
1321233020333
1321233021000
1321233021001
1321233021002
1321233021003
1321233021010
1321233021011
1321233021012
1321233021013
1321233021020
1321233021021
1321233021022
1321233021023
1321233021030
1321233021031
1321233021032
1321233021033
1321233021100
1321233021101
1321233021102
1321233021103
132123302111
1321233021120
1321233021121
1321233021122
1321233021123
132123302113
1321233021200
1321233021201
1321233021202
1321233021203
1321233021210
1321233021211
1321233021212
1321233021213
1321233021220
1321233021221
1321233021222
1321233021223
1321233021230
1321233021231
1321233021232
1321233021233
1321233021300
1321233021301
1321233021302
1321233021303
132123302131
1321233021320
1321233021321
1321233021322
1321233021323
132123302133
13212330220000
13212330220001
13212330220002
13212330220003
13212330220010
13212330220011
13212330220012
13212330220013
1321233022002
1321233022003
13212330220100
13212330220101
13212330220102
13212330220103
1321233022011
1321233022012
1321233022013
1321233022020
1321233022021
1321233022022
1321233022023
1321233022030
1321233022031
1321233022032
1321233022033
1321233022100
1321233022101
1321233022102
1321233022103
1321233022110
1321233022111
1321233022112
1321233022113
1321233022120
1321233022121
1321233022122
1321233022123
1321233022130
1321233022131
1321233022132
1321233022133
1321233022200
1321233022201
1321233022202
1321233022203
1321233022210
1321233022211
1321233022212
1321233022213
1321233022220
1321233022221
1321233022222
1321233022223
1321233022230
1321233022231
1321233022232
1321233022233
1321233022300
1321233022301
1321233022302
1321233022303
1321233022310
1321233022311
1321233022312
1321233022313
1321233022320
1321233022321
1321233022322
1321233022323
1321233022330
1321233022331
1321233022332
1321233022333
1321233023000
1321233023001
1321233023002
1321233023003
1321233023010
1321233023011
1321233023012
1321233023013
1321233023020
1321233023021
1321233023022
1321233023023
1321233023030
1321233023031
1321233023032
1321233023033
1321233023100
1321233023101
1321233023102
1321233023103
132123302311
1321233023120
1321233023121
1321233023122
1321233023123
132123302313
1321233023200
1321233023201
1321233023202
1321233023203
1321233023210
1321233023211
1321233023212
1321233023213
1321233023220
1321233023221
1321233023222
1321233023223
1321233023230
1321233023231
1321233023232
1321233023233
132123302330
132123302331
132123302332
132123302333
132123303000
132123303001
132123303002
132123303003
132123303010
132123303011
132123303012
132123303013
132123303020
132123303021
132123303022
132123303023
132123303030
132123303031
132123303032
132123303033
132123303100
132123303102
132123303120
132123303200
132123303201
132123303202
132123303203
132123303210
132123303211
132123303212
132123303213
132123303220
132123303221
132123303222
132123303223
132123303230
132123303231
132123303232
132123303233
1321233200000
1321233200001
1321233200002
1321233200003
1321233200010
1321233200011
1321233200012
1321233200013
1321233200020
1321233200021
1321233200022
1321233200023
1321233200030
1321233200031
1321233200032
1321233200033
1321233200100
1321233200101
1321233200102
1321233200103
1321233200110
1321233200111
1321233200112
1321233200113
1321233200120
1321233200121
1321233200122
1321233200123
132123320013
132123320020
132123320021
132123320022
132123320023
132123320030
132123320031
132123320032
132123320033
1321233201000
1321233201001
1321233201002
1321233201003
132123320101
132123320102
132123320103
132123320110
132123320111
132123320112
132123320113
132123320120
132123320121
132123320122
132123320123
132123320130
132123320131
132123320132
132123320133
132123320200
132123320201
132123320202
132123320203
132123320210
132123320211
132123320212
132123320213
132123320220
132123320221
132123320222
132123320223
132123320230
132123320231
132123320232
132123320233
132123320300
132123320301
132123320302
132123320303
132123320310
132123320311
132123320312
132123320313
132123320320
132123320321
132123320322
132123320330
132123321000
132123321001
132123321002
132123321003
132123321010
132123321011
132123321012
132123321020
132123321021
132123321022
132123321023
132123321030
132123321200
