1321230303313
1321230303321
1321230303322
1321230303323
1321230303330
1321230303331
1321230303332
1321230303333
1321230312032
1321230312033
1321230312113
1321230312120
1321230312121
1321230312122
1321230312123
1321230312130
1321230312131
1321230312132
1321230312133
1321230312200
1321230312201
1321230312202
1321230312203
1321230312210
1321230312211
1321230312212
1321230312213
1321230312220
1321230312221
1321230312222
1321230312223
1321230312230
1321230312231
1321230312232
1321230312233
1321230312300
1321230312301
1321230312302
1321230312303
1321230312310
1321230312311
1321230312312
1321230312313
1321230312320
1321230312321
1321230312322
1321230312323
1321230312330
1321230312331
1321230312332
1321230312333
1321230313002
1321230313003
1321230313012
1321230313013
1321230313020
1321230313021
1321230313022
1321230313023
1321230313030
1321230313031
1321230313032
1321230313033
1321230313102
1321230313103
1321230313112
1321230313113
1321230313120
1321230313121
1321230313122
1321230313123
1321230313130
1321230313131
1321230313132
1321230313133
1321230313200
1321230313201
1321230313202
1321230313203
1321230313210
1321230313211
1321230313212
1321230313213
1321230313220
1321230313221
1321230313222
1321230313223
1321230313230
1321230313231
1321230313232
1321230313233
1321230313300
1321230313301
1321230313302
1321230313303
1321230313310
1321230313311
1321230313312
1321230313313
1321230313320
1321230313321
1321230313322
1321230313323
1321230313330
1321230313331
1321230313332
1321230313333
1321230320333
1321230321013
1321230321023
1321230321030
1321230321031
1321230321032
1321230321033
1321230321100
1321230321101
1321230321102
1321230321103
1321230321110
1321230321111
1321230321112
1321230321113
1321230321120
1321230321121
1321230321122
1321230321123
1321230321130
1321230321131
1321230321132
1321230321133
1321230321201
1321230321202
1321230321203
1321230321210
1321230321211
1321230321212
1321230321213
1321230321220
1321230321221
1321230321222
1321230321223
1321230321230
1321230321231
1321230321232
1321230321233
1321230321300
1321230321301
1321230321302
1321230321303
1321230321310
1321230321311
1321230321312
1321230321313
1321230321320
1321230321321
1321230321322
1321230321323
1321230321330
1321230321331
1321230321332
1321230321333
1321230322111
1321230322113
1321230322130
1321230322131
1321230322132
1321230322133
1321230322310
1321230322311
1321230322312
1321230322313
1321230322321
1321230322323
1321230322330
1321230322331
1321230322332
1321230322333
1321230323000
1321230323001
1321230323002
1321230323003
1321230323010
1321230323011
1321230323012
1321230323013
1321230323020
1321230323021
1321230323022
1321230323023
1321230323030
1321230323031
1321230323032
1321230323033
1321230323100
1321230323101
1321230323102
1321230323103
1321230323110
1321230323111
1321230323112
1321230323113
1321230323120
1321230323121
1321230323122
1321230323123
1321230323130
1321230323131
1321230323132
1321230323133
1321230323200
1321230323201
1321230323202
1321230323203
1321230323210
1321230323211
1321230323212
1321230323213
1321230323220
1321230323221
1321230323222
1321230323223
1321230323230
1321230323231
1321230323232
1321230323233
1321230323300
1321230323301
1321230323302
1321230323303
1321230323310
1321230323311
1321230323312
1321230323313
1321230323320
1321230323321
1321230323322
1321230323323
1321230323330
1321230323331
1321230323332
1321230323333
1321230330000
1321230330001
1321230330002
1321230330003
1321230330010
1321230330011
1321230330012
1321230330013
1321230330020
1321230330021
1321230330022
1321230330023
1321230330030
1321230330031
1321230330032
1321230330033
1321230330100
1321230330101
1321230330102
1321230330103
1321230330110
1321230330111
1321230330112
1321230330113
1321230330120
1321230330121
1321230330122
1321230330123
1321230330130
1321230330131
1321230330132
1321230330133
1321230330200
1321230330201
1321230330202
1321230330203
1321230330210
1321230330211
1321230330212
1321230330213
1321230330220
1321230330221
1321230330222
1321230330223
1321230330230
1321230330231
1321230330232
1321230330233
1321230330300
1321230330301
1321230330302
1321230330303
1321230330310
1321230330311
1321230330312
1321230330313
1321230330320
1321230330321
1321230330322
1321230330323
1321230330330
1321230330331
1321230330332
1321230330333
1321230331000
1321230331001
1321230331002
1321230331003
1321230331010
1321230331011
1321230331012
1321230331013
1321230331020
1321230331021
1321230331022
1321230331023
1321230331030
1321230331031
1321230331032
1321230331033
1321230331100
1321230331101
1321230331102
1321230331103
1321230331110
1321230331111
1321230331112
1321230331113
1321230331120
1321230331121
1321230331122
1321230331123
1321230331130
1321230331131
1321230331132
1321230331133
1321230331200
1321230331201
1321230331202
1321230331203
1321230331210
1321230331211
1321230331212
1321230331213
1321230331220
1321230331221
1321230331222
1321230331223
1321230331230
1321230331231
1321230331232
1321230331233
1321230331300
1321230331301
1321230331302
1321230331303
1321230331310
1321230331311
1321230331312
1321230331313
1321230331320
1321230331321
1321230331322
1321230331323
1321230331330
1321230331331
1321230331332
1321230331333
1321230332000
1321230332001
1321230332002
1321230332003
1321230332010
1321230332011
1321230332012
1321230332013
1321230332020
1321230332021
1321230332022
1321230332023
1321230332030
1321230332031
1321230332032
1321230332033
1321230332100
1321230332101
1321230332102
1321230332103
1321230332110
1321230332111
1321230332112
1321230332113
1321230332120
1321230332121
1321230332122
1321230332123
1321230332130
1321230332131
1321230332132
1321230332133
1321230332200
1321230332201
1321230332202
1321230332203
1321230332210
1321230332211
1321230332212
1321230332213
1321230332220
1321230332221
1321230332222
1321230332223
1321230332230
1321230332231
1321230332232
1321230332233
1321230332300
1321230332301
1321230332302
1321230332303
1321230332310
1321230332311
1321230332312
1321230332313
1321230332320
1321230332321
1321230332322
1321230332323
1321230332330
1321230332331
1321230332332
1321230332333
1321230333000
1321230333001
1321230333002
1321230333003
1321230333010
1321230333011
1321230333012
1321230333013
1321230333020
1321230333021
1321230333022
1321230333023
1321230333030
1321230333031
1321230333032
1321230333033
1321230333100
1321230333101
1321230333102
1321230333103
1321230333110
1321230333111
1321230333112
1321230333113
1321230333120
1321230333121
1321230333122
1321230333123
1321230333130
1321230333131
1321230333132
1321230333133
1321230333200
1321230333201
1321230333202
1321230333203
1321230333210
1321230333211
1321230333212
1321230333213
1321230333220
1321230333221
1321230333222
1321230333223
1321230333230
1321230333231
1321230333232
1321230333233
1321230333300
1321230333301
1321230333302
1321230333303
1321230333310
1321230333311
1321230333312
1321230333313
1321230333320
1321230333321
1321230333322
1321230333323
1321230333330
1321230333331
1321230333332
1321230333333
1321231202002
1321231202003
1321231202012
1321231202020
1321231202021
1321231202022
1321231202023
1321231202030
1321231202031
1321231202032
1321231202033
1321231202120
1321231202121
1321231202122
1321231202123
1321231202130
1321231202131
1321231202132
1321231202133
1321231202200
1321231202201
1321231202202
1321231202203
1321231202210
1321231202211
1321231202212
1321231202213
1321231202220
1321231202221
1321231202222
1321231202223
1321231202230
1321231202231
1321231202232
1321231202233
1321231202300
1321231202301
1321231202302
1321231202303
1321231202310
1321231202311
1321231202312
1321231202313
1321231202320
1321231202321
1321231202322
1321231202323
1321231202330
1321231202331
1321231202332
1321231202333
1321231203020
1321231203022
1321231203023
1321231203032
1321231203033
1321231203200
1321231203201
1321231203202
1321231203203
1321231203210
1321231203211
1321231203212
1321231203213
1321231203220
1321231203221
1321231203222
1321231203223
1321231203230
1321231203231
1321231203232
1321231203233
1321231203300
1321231203301
1321231203302
1321231203303
1321231203312
1321231203320
1321231203321
1321231203322
1321231203323
1321231203330
1321231203331
1321231203332
1321231203333
1321231212220
1321231212222
1321231212223
1321231220000
1321231220001
1321231220002
1321231220003
1321231220010
1321231220011
1321231220012
1321231220013
1321231220020
1321231220021
1321231220022
1321231220023
1321231220030
1321231220031
1321231220032
1321231220033
1321231220100
1321231220101
1321231220102
1321231220103
1321231220110
1321231220111
1321231220112
1321231220113
1321231220120
1321231220121
1321231220122
1321231220123
1321231220130
1321231220131
1321231220132
1321231220133
1321231220200
1321231220201
1321231220202
1321231220203
1321231220210
1321231220211
1321231220212
1321231220213
1321231220220
1321231220221
1321231220222
1321231220223
1321231220230
1321231220231
1321231220232
1321231220233
1321231220300
1321231220301
1321231220302
1321231220303
1321231220310
1321231220311
1321231220312
1321231220313
1321231220320
1321231220321
1321231220322
1321231220323
1321231220330
1321231220331
1321231220332
1321231220333
1321231221000
1321231221001
1321231221002
1321231221003
1321231221010
1321231221011
1321231221012
1321231221013
1321231221020
1321231221021
1321231221022
1321231221023
1321231221030
1321231221031
1321231221032
1321231221033
1321231221100
1321231221101
1321231221102
1321231221103
1321231221110
1321231221111
1321231221112
1321231221113
1321231221120
1321231221121
1321231221122
1321231221123
1321231221130
1321231221131
1321231221132
1321231221133
1321231221200
1321231221201
1321231221202
1321231221203
1321231221210
1321231221211
1321231221212
1321231221213
1321231221220
1321231221221
1321231221222
1321231221223
1321231221230
1321231221231
1321231221232
1321231221233
1321231221300
1321231221301
1321231221302
1321231221303
1321231221310
1321231221311
1321231221312
1321231221313
1321231221320
1321231221321
1321231221322
1321231221323
1321231221330
1321231221331
1321231221332
1321231221333
1321231222000
1321231222001
1321231222002
1321231222003
1321231222010
1321231222011
1321231222012
1321231222013
1321231222020
1321231222021
1321231222022
1321231222023
1321231222030
1321231222031
1321231222032
1321231222033
1321231222100
1321231222101
1321231222102
1321231222103
1321231222110
1321231222111
1321231222112
1321231222113
1321231222120
1321231222121
1321231222122
1321231222123
1321231222130
1321231222131
1321231222132
1321231222133
1321231222200
1321231222201
1321231222202
1321231222203
1321231222210
1321231222211
1321231222212
1321231222213
1321231222220
1321231222221
1321231222222
1321231222223
1321231222230
1321231222231
1321231222232
1321231222233
1321231222300
1321231222301
1321231222302
1321231222303
1321231222310
1321231222311
1321231222312
1321231222313
1321231222320
1321231222321
1321231222322
1321231222323
1321231222330
1321231222331
1321231222332
1321231222333
1321231223000
1321231223001
1321231223002
1321231223003
1321231223010
1321231223011
1321231223012
1321231223013
1321231223020
1321231223021
1321231223022
1321231223023
1321231223030
1321231223031
1321231223032
1321231223033
1321231223100
1321231223101
1321231223102
1321231223103
1321231223110
1321231223111
1321231223112
1321231223113
1321231223120
1321231223121
1321231223122
1321231223123
1321231223130
1321231223131
1321231223132
1321231223133
1321231223200
1321231223201
1321231223202
1321231223203
1321231223210
1321231223211
1321231223212
1321231223213
1321231223220
1321231223221
1321231223222
1321231223223
1321231223230
1321231223231
1321231223232
1321231223233
1321231223300
1321231223301
1321231223302
1321231223303
1321231223310
1321231223311
1321231223312
1321231223313
1321231223320
1321231223321
1321231223322
1321231223323
1321231223330
1321231223331
1321231223332
1321231223333
1321231230000
1321231230001
1321231230002
1321231230003
1321231230010
1321231230012
1321231230013
1321231230020
1321231230021
1321231230022
1321231230023
1321231230030
1321231230031
1321231230032
1321231230033
1321231230120
1321231230122
1321231230200
1321231230201
1321231230202
1321231230203
1321231230210
1321231230211
1321231230212
1321231230213
1321231230220
1321231230221
1321231230222
1321231230223
1321231230230
1321231230231
1321231230232
1321231230233
1321231230300
1321231230301
1321231230302
1321231230303
1321231230312
1321231230320
1321231230321
1321231230322
1321231230323
1321231230330
1321231230332
1321231230333
1321231232000
1321231232001
1321231232002
1321231232003
1321231232010
1321231232011
1321231232012
1321231232013
1321231232020
1321231232021
1321231232022
1321231232023
1321231232030
1321231232031
1321231232032
1321231232033
1321231232100
1321231232101
1321231232102
1321231232103
1321231232110
1321231232111
1321231232112
1321231232113
1321231232120
1321231232121
1321231232122
1321231232123
1321231232130
1321231232131
1321231232132
1321231232133
1321231232200
1321231232201
1321231232202
1321231232203
1321231232210
1321231232211
1321231232212
1321231232213
1321231232220
1321231232221
1321231232222
1321231232223
1321231232230
1321231232231
1321231232232
1321231232233
1321231232300
1321231232301
1321231232302
1321231232303
1321231232310
1321231232311
1321231232312
1321231232313
1321231232320
1321231232321
1321231232322
1321231232323
1321231232330
1321231232331
1321231232332
1321231232333
1321231233020
1321231233022
1321231233200
1321231233202
1321231233220
1321231233222
1321231233223
1321232100101
1321232100103
1321232100110
1321232100111
1321232100112
1321232100113
1321232100121
1321232100123
1321232100130
1321232100131
1321232100132
1321232100133
1321232100301
1321232100303
1321232100310
1321232100311
1321232100312
1321232100313
1321232100321
1321232100323
1321232100330
1321232100331
1321232100332
1321232100333
1321232101000
1321232101001
1321232101002
1321232101003
1321232101010
1321232101011
1321232101012
1321232101013
1321232101020
1321232101021
1321232101022
1321232101023
1321232101030
1321232101031
1321232101032
1321232101033
1321232101100
1321232101101
1321232101102
1321232101103
1321232101110
1321232101111
1321232101112
1321232101113
1321232101120
1321232101121
1321232101122
1321232101123
1321232101130
1321232101131
1321232101132
1321232101133
1321232101200
1321232101201
1321232101202
1321232101203
1321232101210
1321232101211
1321232101212
1321232101213
1321232101220
1321232101221
1321232101222
1321232101223
1321232101230
1321232101231
1321232101232
1321232101233
1321232101300
1321232101301
1321232101302
1321232101303
1321232101310
1321232101311
1321232101312
1321232101313
1321232101320
1321232101321
1321232101322
1321232101323
1321232101330
1321232101331
1321232101332
1321232101333
1321232102101
1321232102102
1321232102103
1321232102110
1321232102111
1321232102112
1321232102113
1321232102120
1321232102121
1321232102122
1321232102123
1321232102130
1321232102131
1321232102132
1321232102133
1321232102300
1321232102301
1321232102302
1321232102303
1321232102310
1321232102311
1321232102312
1321232102313
1321232102320
1321232102321
1321232102322
1321232102323
1321232102330
1321232102331
1321232102332
1321232102333
1321232103000
1321232103001
1321232103002
1321232103003
1321232103010
1321232103011
1321232103012
1321232103013
1321232103020
1321232103021
1321232103022
1321232103023
1321232103030
1321232103031
1321232103032
1321232103033
1321232103100
1321232103101
1321232103102
1321232103103
1321232103110
1321232103111
1321232103112
1321232103113
1321232103120
1321232103121
1321232103122
1321232103123
1321232103130
1321232103131
1321232103132
1321232103133
1321232103200
1321232103201
1321232103202
1321232103203
1321232103210
1321232103211
1321232103212
1321232103213
1321232103220
1321232103221
1321232103222
1321232103223
1321232103230
1321232103231
1321232103232
1321232103233
1321232103300
1321232103301
1321232103302
1321232103303
1321232103310
1321232103311
1321232103312
1321232103313
1321232103320
1321232103321
1321232103322
1321232103323
1321232103330
1321232103331
1321232103332
1321232103333
1321232110000
1321232110001
1321232110002
1321232110003
1321232110010
1321232110011
1321232110012
1321232110013
1321232110020
1321232110021
1321232110022
1321232110023
1321232110030
1321232110031
1321232110032
1321232110033
1321232110100
1321232110101
1321232110102
1321232110103
1321232110110
1321232110111
1321232110112
1321232110113
1321232110120
1321232110121
1321232110122
1321232110123
1321232110130
1321232110131
1321232110132
1321232110133
1321232110200
1321232110201
1321232110202
1321232110203
1321232110210
1321232110211
1321232110212
1321232110213
1321232110220
1321232110221
1321232110222
1321232110223
1321232110230
1321232110231
1321232110232
1321232110233
1321232110300
1321232110301
1321232110302
1321232110303
1321232110310
1321232110311
1321232110312
1321232110313
1321232110320
1321232110321
1321232110322
1321232110323
1321232110330
1321232110331
1321232110332
1321232110333
1321232111000
1321232111001
1321232111002
1321232111003
1321232111010
1321232111011
1321232111012
1321232111013
1321232111020
1321232111021
1321232111022
1321232111023
1321232111030
1321232111031
1321232111032
1321232111033
1321232111100
1321232111101
1321232111102
1321232111103
1321232111110
1321232111111
1321232111112
1321232111113
1321232111120
1321232111121
1321232111122
1321232111123
1321232111130
1321232111131
1321232111132
1321232111133
1321232111200
1321232111201
1321232111202
1321232111203
1321232111210
1321232111211
1321232111212
1321232111213
1321232111220
1321232111221
1321232111222
1321232111223
1321232111230
1321232111231
1321232111232
1321232111233
1321232111300
1321232111301
1321232111302
1321232111303
1321232111310
1321232111311
1321232111312
1321232111313
1321232111320
1321232111321
1321232111322
1321232111323
1321232111330
1321232111331
1321232111332
1321232111333
1321232112000
1321232112001
1321232112002
1321232112003
1321232112010
1321232112011
1321232112012
1321232112013
1321232112020
1321232112021
1321232112022
1321232112023
1321232112030
1321232112031
1321232112032
1321232112033
1321232112100
1321232112101
1321232112102
1321232112103
1321232112110
1321232112111
1321232112112
1321232112113
1321232112120
1321232112121
1321232112122
1321232112123
1321232112130
1321232112131
1321232112132
1321232112133
1321232112200
1321232112201
1321232112202
1321232112203
1321232112210
1321232112211
1321232112212
1321232112213
1321232112220
1321232112221
1321232112222
1321232112223
1321232112230
1321232112231
1321232112232
1321232112233
1321232112300
1321232112301
1321232112302
1321232112303
1321232112310
1321232112311
1321232112312
1321232112313
1321232112320
1321232112321
1321232112322
1321232112323
1321232112330
1321232112331
1321232112332
1321232112333
1321232113000
1321232113001
1321232113002
1321232113003
1321232113010
1321232113011
1321232113012
1321232113013
1321232113020
1321232113021
1321232113022
1321232113023
1321232113030
1321232113031
1321232113032
1321232113033
1321232113100
1321232113101
1321232113102
1321232113103
1321232113110
1321232113111
1321232113112
1321232113113
1321232113120
1321232113121
1321232113122
1321232113123
1321232113130
1321232113131
1321232113132
1321232113133
1321232113200
1321232113201
1321232113202
1321232113203
1321232113210
1321232113211
1321232113212
1321232113213
1321232113220
1321232113221
1321232113222
1321232113223
1321232113230
1321232113231
1321232113232
1321232113233
1321232113300
1321232113301
1321232113302
1321232113303
1321232113310
1321232113311
1321232113312
1321232113313
1321232113320
1321232113321
1321232113322
1321232113323
1321232113330
1321232113331
1321232113332
1321232113333
1321232120100
1321232120101
1321232120102
1321232120103
1321232120110
1321232120111
1321232120112
1321232120113
1321232120120
1321232120121
1321232120122
1321232120123
1321232120130
1321232120131
1321232120132
1321232120133
1321232120213
1321232120231
1321232120233
1321232120300
1321232120301
1321232120302
1321232120303
1321232120310
1321232120311
1321232120312
1321232120313
1321232120320
1321232120321
1321232120322
1321232120323
1321232120330
1321232120331
1321232120332
1321232120333
1321232121000
1321232121001
1321232121002
1321232121003
1321232121010
1321232121011
1321232121012
1321232121013
1321232121020
1321232121021
1321232121022
1321232121023
1321232121030
1321232121031
1321232121032
1321232121033
1321232121100
1321232121101
1321232121102
1321232121103
1321232121110
1321232121111
1321232121112
1321232121113
1321232121120
1321232121121
1321232121122
1321232121123
1321232121130
1321232121131
1321232121132
1321232121133
1321232121200
1321232121201
1321232121202
1321232121203
1321232121210
1321232121211
1321232121212
1321232121213
1321232121220
1321232121221
1321232121222
1321232121223
1321232121230
1321232121231
1321232121232
1321232121233
1321232121300
1321232121301
1321232121302
1321232121303
1321232121310
1321232121311
1321232121312
1321232121313
1321232121320
1321232121321
1321232121322
1321232121323
1321232121330
1321232121331
1321232121332
1321232121333
1321232122100
1321232122101
1321232122102
1321232122103
1321232122110
1321232122111
1321232122112
1321232122113
1321232122120
1321232122121
1321232122122
1321232122123
1321232122130
1321232122131
1321232122132
1321232122133
1321232122300
1321232122301
1321232122302
1321232122303
1321232122310
1321232122311
1321232122312
1321232122313
1321232122321
1321232122323
1321232122330
1321232122331
1321232122332
1321232122333
1321232123000
1321232123001
1321232123002
1321232123003
1321232123010
1321232123011
1321232123012
1321232123013
1321232123020
1321232123021
1321232123022
1321232123023
1321232123030
1321232123031
1321232123032
1321232123033
1321232123100
1321232123101
1321232123102
1321232123103
1321232123110
1321232123111
1321232123112
1321232123113
1321232123120
1321232123121
1321232123122
1321232123123
1321232123130
1321232123131
1321232123132
1321232123133
1321232123200
1321232123201
1321232123202
1321232123203
1321232123210
1321232123211
1321232123212
1321232123213
1321232123220
1321232123221
1321232123222
1321232123223
1321232123230
1321232123231
1321232123232
1321232123233
1321232123300
1321232123301
1321232123302
1321232123303
1321232123310
1321232123311
1321232123312
1321232123313
1321232123320
1321232123321
1321232123322
1321232123323
1321232123330
1321232123331
1321232123332
1321232123333
1321232130000
1321232130001
1321232130002
1321232130003
1321232130010
1321232130011
1321232130012
1321232130013
1321232130020
1321232130021
1321232130022
1321232130023
1321232130030
1321232130031
1321232130032
1321232130033
1321232130100
1321232130101
1321232130102
1321232130103
1321232130110
1321232130111
1321232130112
1321232130113
1321232130120
1321232130121
1321232130122
1321232130123
1321232130130
1321232130131
1321232130132
1321232130133
1321232130200
1321232130201
1321232130202
1321232130203
1321232130210
1321232130211
1321232130212
1321232130213
1321232130220
1321232130221
1321232130222
1321232130223
1321232130230
1321232130231
1321232130232
1321232130233
1321232130300
1321232130301
1321232130302
1321232130303
1321232130310
1321232130311
1321232130312
1321232130313
1321232130320
1321232130321
1321232130322
1321232130323
1321232130330
1321232130331
1321232130332
1321232130333
1321232131000
1321232131001
1321232131002
1321232131003
1321232131010
1321232131011
1321232131012
1321232131013
1321232131020
1321232131021
1321232131022
1321232131023
1321232131030
1321232131031
1321232131032
1321232131033
1321232131100
1321232131101
1321232131102
1321232131103
1321232131110
1321232131111
1321232131112
1321232131113
1321232131120
1321232131121
1321232131122
1321232131123
1321232131130
1321232131131
1321232131132
1321232131133
1321232131200
1321232131201
1321232131202
1321232131203
1321232131210
1321232131211
1321232131212
1321232131213
1321232131220
1321232131221
1321232131222
1321232131223
1321232131230
1321232131231
1321232131232
1321232131233
1321232131300
1321232131301
1321232131302
1321232131303
1321232131310
1321232131311
1321232131312
1321232131313
1321232131320
1321232131321
1321232131322
1321232131323
1321232131330
1321232131331
1321232131332
1321232131333
1321232132000
1321232132001
1321232132002
1321232132003
1321232132010
1321232132011
1321232132012
1321232132013
1321232132020
1321232132021
1321232132022
1321232132023
1321232132030
1321232132031
1321232132032
1321232132033
1321232132100
1321232132101
1321232132102
1321232132103
1321232132110
1321232132111
1321232132112
1321232132113
1321232132120
1321232132121
1321232132122
1321232132123
1321232132130
1321232132131
1321232132132
1321232132133
1321232132200
1321232132201
1321232132202
1321232132203
1321232132210
1321232132211
1321232132212
1321232132213
1321232132220
1321232132221
1321232132222
1321232132223
1321232132230
1321232132231
1321232132232
1321232132233
1321232132300
1321232132301
1321232132302
1321232132303
1321232132310
1321232132311
1321232132312
1321232132313
1321232132320
1321232132321
1321232132322
1321232132323
1321232132330
1321232132331
1321232132332
1321232132333
1321232133000
1321232133001
1321232133002
1321232133003
1321232133010
1321232133011
1321232133012
1321232133013
1321232133020
1321232133021
1321232133022
1321232133023
1321232133030
1321232133031
1321232133032
1321232133033
1321232133100
1321232133101
1321232133102
1321232133103
1321232133110
1321232133111
1321232133112
1321232133113
1321232133120
1321232133121
1321232133122
1321232133123
1321232133130
1321232133131
1321232133132
1321232133133
1321232133200
1321232133201
1321232133202
1321232133203
1321232133210
1321232133211
1321232133212
1321232133213
1321232133220
1321232133221
1321232133222
1321232133223
1321232133230
1321232133231
1321232133232
1321232133233
1321232133300
1321232133301
1321232133302
1321232133303
1321232133310
1321232133311
1321232133312
1321232133313
1321232133320
1321232133321
1321232133322
1321232133323
1321232133330
1321232133331
1321232133332
1321232133333
1321232300101
1321232300110
1321232300111
1321232300112
1321232300113
1321232300130
1321232300131
1321232300133
1321232300311
1321232301000
1321232301001
1321232301002
1321232301003
1321232301010
1321232301011
1321232301012
1321232301013
1321232301020
1321232301021
1321232301022
1321232301023
1321232301030
1321232301031
1321232301032
1321232301033
1321232301100
1321232301101
1321232301102
1321232301103
1321232301110
1321232301111
1321232301112
1321232301113
1321232301120
1321232301121
1321232301122
1321232301123
1321232301130
1321232301131
1321232301132
1321232301133
1321232301200
1321232301201
1321232301202
1321232301203
1321232301210
1321232301211
1321232301212
1321232301213
1321232301221
1321232301230
1321232301231
1321232301232
1321232301233
1321232301300
1321232301301
1321232301302
1321232301303
1321232301310
1321232301311
1321232301312
1321232301313
1321232301320
1321232301321
1321232301322
1321232301323
1321232301330
1321232301331
1321232301332
1321232301333
1321232303010
1321232303011
1321232303013
1321232303100
1321232303101
1321232303102
1321232303103
1321232303110
1321232303111
1321232303112
1321232303113
1321232303121
1321232303130
1321232303131
1321232303132
1321232303133
1321232310000
1321232310001
1321232310002
1321232310003
1321232310010
1321232310011
1321232310012
1321232310013
1321232310020
1321232310021
1321232310022
1321232310023
1321232310030
1321232310031
1321232310032
1321232310033
1321232310100
1321232310101
1321232310102
1321232310103
1321232310110
1321232310111
1321232310112
1321232310113
1321232310120
1321232310121
1321232310122
1321232310123
1321232310130
1321232310131
1321232310132
1321232310133
1321232310200
1321232310201
1321232310202
1321232310203
1321232310210
1321232310211
1321232310212
1321232310213
1321232310220
1321232310221
1321232310222
1321232310223
1321232310230
1321232310231
1321232310232
1321232310233
1321232310300
1321232310301
1321232310302
1321232310303
1321232310310
1321232310311
1321232310312
1321232310313
1321232310320
1321232310321
1321232310322
1321232310323
1321232310330
1321232310331
1321232310332
1321232310333
1321232311000
1321232311001
1321232311002
1321232311003
1321232311010
1321232311011
1321232311012
1321232311013
1321232311020
1321232311021
1321232311022
1321232311023
1321232311030
1321232311031
1321232311032
1321232311033
1321232311100
1321232311101
1321232311102
1321232311103
1321232311110
1321232311111
1321232311112
1321232311113
1321232311120
1321232311121
1321232311122
1321232311123
1321232311130
1321232311131
1321232311132
1321232311133
1321232311200
1321232311201
1321232311202
1321232311203
1321232311210
1321232311211
1321232311212
1321232311213
1321232311220
1321232311221
1321232311222
1321232311223
1321232311230
1321232311231
1321232311232
1321232311233
1321232311300
1321232311301
1321232311302
1321232311303
1321232311310
1321232311311
1321232311312
1321232311313
1321232311320
1321232311321
1321232311322
1321232311323
1321232311330
1321232311331
1321232311332
1321232311333
1321232312000
1321232312001
1321232312002
1321232312003
1321232312010
1321232312011
1321232312012
1321232312013
1321232312020
1321232312021
1321232312022
1321232312023
1321232312030
1321232312031
1321232312032
1321232312033
1321232312100
1321232312101
1321232312102
1321232312103
1321232312110
1321232312111
1321232312112
1321232312113
1321232312120
1321232312121
1321232312122
1321232312123
1321232312130
1321232312131
1321232312132
1321232312133
1321232312200
1321232312201
1321232312210
1321232312211
1321232312212
1321232312213
1321232312300
1321232312301
1321232312302
1321232312303
1321232312310
1321232312311
1321232312312
1321232312313
1321232312321
1321232312330
1321232312331
1321232313000
1321232313001
1321232313002
1321232313003
1321232313010
1321232313011
1321232313012
1321232313013
1321232313020
1321232313021
1321232313022
1321232313023
1321232313030
1321232313031
1321232313032
1321232313033
1321232313100
1321232313101
1321232313102
1321232313103
1321232313110
1321232313111
1321232313112
1321232313113
1321232313120
1321232313121
1321232313122
1321232313123
1321232313130
1321232313131
1321232313132
1321232313133
1321232313200
1321232313201
1321232313202
1321232313203
1321232313210
1321232313211
1321232313212
1321232313213
1321232313220
1321232313221
1321232313230
1321232313231
1321232313300
1321232313301
1321232313302
1321232313303
1321232313310
1321232313311
1321232313312
1321232313313
1321232313320
1321232313321
1321232313323
1321232313330
1321232313331
1321232313332
1321232313333
1321233000000
1321233000001
1321233000002
1321233000003
1321233000010
1321233000011
1321233000012
1321233000013
1321233000020
1321233000021
1321233000022
1321233000023
1321233000030
1321233000031
1321233000032
1321233000033
1321233000100
1321233000101
1321233000102
1321233000103
1321233000110
1321233000111
1321233000112
1321233000113
1321233000120
1321233000121
1321233000122
1321233000123
1321233000130
1321233000131
1321233000132
1321233000133
1321233000200
1321233000201
1321233000202
1321233000203
1321233000210
1321233000211
1321233000212
1321233000213
1321233000220
1321233000221
1321233000222
1321233000223
1321233000230
1321233000231
1321233000232
1321233000233
1321233000300
1321233000301
1321233000302
1321233000303
1321233000310
1321233000311
1321233000312
1321233000313
1321233000320
1321233000321
1321233000322
1321233000323
1321233000330
1321233000331
1321233000332
1321233000333
1321233001000
1321233001001
1321233001002
1321233001003
1321233001010
1321233001011
1321233001012
1321233001013
1321233001020
1321233001021
1321233001022
1321233001023
1321233001030
1321233001031
1321233001032
1321233001033
1321233001100
1321233001101
1321233001102
1321233001103
1321233001110
1321233001111
1321233001112
1321233001113
1321233001120
1321233001121
1321233001122
1321233001123
1321233001130
1321233001131
1321233001132
1321233001133
1321233001200
1321233001201
1321233001202
1321233001203
1321233001210
1321233001211
1321233001212
1321233001213
1321233001220
1321233001221
1321233001222
1321233001223
1321233001230
1321233001231
1321233001232
1321233001233
1321233001300
1321233001301
1321233001302
1321233001303
1321233001310
1321233001311
1321233001312
1321233001313
1321233001320
1321233001321
1321233001322
1321233001323
1321233001330
1321233001331
1321233001332
1321233001333
1321233002000
1321233002001
1321233002002
1321233002003
1321233002010
1321233002011
1321233002012
1321233002013
1321233002020
1321233002021
1321233002022
1321233002023
1321233002030
1321233002031
1321233002032
1321233002033
1321233002100
1321233002101
1321233002102
1321233002103
1321233002110
1321233002111
1321233002112
1321233002113
1321233002120
1321233002121
1321233002122
1321233002123
1321233002130
1321233002131
1321233002132
1321233002133
1321233002200
1321233002201
1321233002202
1321233002203
1321233002210
1321233002211
1321233002212
1321233002213
1321233002220
1321233002221
1321233002222
1321233002223
1321233002230
1321233002231
1321233002232
1321233002233
1321233002300
1321233002301
1321233002302
1321233002303
1321233002310
1321233002311
1321233002312
1321233002313
1321233002320
1321233002321
1321233002322
1321233002323
1321233002330
1321233002331
1321233002332
1321233002333
1321233003000
1321233003001
1321233003002
1321233003003
1321233003010
1321233003011
1321233003012
1321233003013
1321233003020
1321233003021
1321233003022
1321233003023
1321233003030
1321233003031
1321233003032
1321233003033
1321233003100
1321233003101
1321233003102
1321233003103
1321233003110
1321233003111
1321233003112
1321233003113
1321233003120
1321233003121
1321233003122
1321233003123
1321233003130
1321233003131
1321233003132
1321233003133
1321233003200
1321233003201
1321233003202
1321233003203
1321233003210
1321233003211
1321233003212
1321233003213
1321233003220
1321233003221
1321233003222
1321233003223
1321233003230
1321233003231
1321233003232
1321233003233
1321233003300
1321233003301
1321233003302
1321233003303
1321233003310
1321233003311
1321233003312
1321233003313
1321233003320
1321233003321
1321233003322
1321233003323
1321233003330
1321233003331
1321233003332
1321233003333
1321233010000
1321233010001
1321233010002
1321233010003
1321233010010
1321233010011
1321233010012
1321233010013
1321233010020
1321233010021
1321233010022
1321233010023
1321233010030
1321233010031
1321233010032
1321233010033
1321233010100
1321233010101
1321233010102
1321233010103
1321233010110
1321233010111
1321233010112
1321233010113
1321233010120
1321233010121
1321233010122
1321233010123
1321233010130
1321233010131
1321233010132
1321233010133
1321233010200
1321233010201
1321233010202
1321233010203
1321233010210
1321233010211
1321233010212
1321233010213
1321233010220
1321233010221
1321233010222
1321233010223
1321233010230
1321233010231
1321233010232
1321233010233
1321233010300
1321233010301
1321233010302
1321233010303
1321233010310
1321233010311
1321233010312
1321233010313
1321233010320
1321233010321
1321233010322
1321233010323
1321233010330
1321233010331
1321233010332
1321233010333
1321233011000
1321233011001
1321233011002
1321233011003
1321233011020
1321233011021
1321233011022
1321233011023
1321233011200
1321233011201
1321233011202
1321233011203
1321233011220
1321233011221
1321233011222
1321233012000
1321233012001
1321233012002
1321233012003
1321233012010
1321233012011
1321233012012
1321233012013
1321233012020
1321233012021
1321233012022
1321233012023
1321233012030
1321233012031
1321233012032
1321233012033
1321233012100
1321233012101
1321233012102
1321233012103
1321233012110
1321233012111
1321233012112
1321233012113
1321233012120
1321233012121
1321233012122
1321233012123
1321233012130
1321233012131
1321233012132
1321233012133
1321233012200
1321233012201
1321233012202
1321233012203
1321233012210
1321233012211
1321233012212
1321233012213
1321233012220
1321233012221
1321233012222
1321233012223
1321233012230
1321233012231
1321233012232
1321233012233
1321233012300
1321233012301
1321233012302
1321233012303
1321233012310
1321233012311
1321233012312
1321233012313
1321233012320
1321233012321
1321233012322
1321233012323
1321233012330
1321233012331
1321233012332
1321233012333
1321233013000
1321233013002
1321233013020
1321233013022
1321233013200
1321233013202
1321233013220
1321233013222
1321233020000
1321233020001
1321233020002
1321233020003
1321233020010
1321233020011
1321233020012
1321233020013
1321233020020
1321233020021
1321233020022
1321233020023
1321233020030
1321233020031
1321233020032
1321233020033
1321233020100
1321233020101
1321233020102
1321233020103
1321233020110
1321233020111
1321233020112
1321233020113
1321233020120
1321233020121
1321233020122
1321233020123
1321233020130
1321233020131
1321233020132
1321233020133
1321233020200
1321233020201
1321233020202
1321233020203
1321233020210
1321233020211
1321233020212
1321233020213
1321233020220
1321233020221
1321233020222
1321233020223
1321233020230
1321233020231
1321233020232
1321233020233
1321233020300
1321233020301
1321233020302
1321233020303
1321233020310
1321233020311
1321233020312
1321233020313
1321233020320
1321233020321
1321233020322
1321233020323
1321233020330
1321233020331
1321233020332
1321233020333
1321233021000
1321233021001
1321233021002
1321233021003
1321233021010
1321233021011
1321233021012
1321233021013
1321233021020
1321233021021
1321233021022
1321233021023
1321233021030
1321233021031
1321233021032
1321233021033
1321233021100
1321233021101
1321233021102
1321233021103
1321233021110
1321233021111
1321233021112
1321233021113
1321233021120
1321233021121
1321233021122
1321233021123
1321233021130
1321233021131
1321233021132
1321233021133
1321233021200
1321233021201
1321233021202
1321233021203
1321233021210
1321233021211
1321233021212
1321233021213
1321233021220
1321233021221
1321233021222
1321233021223
1321233021230
1321233021231
1321233021232
1321233021233
1321233021300
1321233021301
1321233021302
1321233021303
1321233021310
1321233021311
1321233021312
1321233021313
1321233021320
1321233021321
1321233021322
1321233021323
1321233021330
1321233021331
1321233021332
1321233021333
1321233022000
1321233022001
1321233022002
1321233022003
1321233022010
1321233022011
1321233022012
1321233022013
1321233022020
1321233022021
1321233022022
1321233022023
1321233022030
1321233022031
1321233022032
1321233022033
1321233022100
1321233022101
1321233022102
1321233022103
1321233022110
1321233022111
1321233022112
1321233022113
1321233022120
1321233022121
1321233022122
1321233022123
1321233022130
1321233022131
1321233022132
1321233022133
1321233022200
1321233022201
1321233022202
1321233022203
1321233022210
1321233022211
1321233022212
1321233022213
1321233022220
1321233022221
1321233022222
1321233022223
1321233022230
1321233022231
1321233022232
1321233022233
1321233022300
1321233022301
1321233022302
1321233022303
1321233022310
1321233022311
1321233022312
1321233022313
1321233022320
1321233022321
1321233022322
1321233022323
1321233022330
1321233022331
1321233022332
1321233022333
1321233023000
1321233023001
1321233023002
1321233023003
1321233023010
1321233023011
1321233023012
1321233023013
1321233023020
1321233023021
1321233023022
1321233023023
1321233023030
1321233023031
1321233023032
1321233023033
1321233023100
1321233023101
1321233023102
1321233023103
1321233023110
1321233023111
1321233023112
1321233023113
1321233023120
1321233023121
1321233023122
1321233023123
1321233023130
1321233023131
1321233023132
1321233023133
1321233023200
1321233023201
1321233023202
1321233023203
1321233023210
1321233023211
1321233023212
1321233023213
1321233023220
1321233023221
1321233023222
1321233023223
1321233023230
1321233023231
1321233023232
1321233023233
1321233023300
1321233023301
1321233023302
1321233023303
1321233023310
1321233023311
1321233023312
1321233023313
1321233023320
1321233023321
1321233023322
1321233023323
1321233023330
1321233023331
1321233023332
1321233023333
1321233030000
1321233030001
1321233030002
1321233030003
1321233030010
1321233030011
1321233030012
1321233030013
1321233030020
1321233030021
1321233030022
1321233030023
1321233030030
1321233030031
1321233030032
1321233030033
1321233030100
1321233030101
1321233030102
1321233030103
1321233030110
1321233030111
1321233030112
1321233030113
1321233030120
1321233030121
1321233030122
1321233030123
1321233030130
1321233030131
1321233030132
1321233030133
1321233030200
1321233030201
1321233030202
1321233030203
1321233030210
1321233030211
1321233030212
1321233030213
1321233030220
1321233030221
1321233030222
1321233030223
1321233030230
1321233030231
1321233030232
1321233030233
1321233030300
1321233030301
1321233030302
1321233030303
1321233030310
1321233030311
1321233030312
1321233030313
1321233030320
1321233030321
1321233030322
1321233030323
1321233030330
1321233030331
1321233030332
1321233030333
1321233031000
1321233031002
1321233032000
1321233032001
1321233032002
1321233032003
1321233032010
1321233032011
1321233032012
1321233032013
1321233032020
1321233032021
1321233032022
1321233032023
1321233032030
1321233032031
1321233032032
1321233032033
1321233032100
1321233032101
1321233032102
1321233032103
1321233032110
1321233032111
1321233032112
1321233032113
1321233032120
1321233032121
1321233032122
1321233032123
1321233032130
1321233032131
1321233032132
1321233032133
1321233032200
1321233032201
1321233032202
1321233032203
1321233032210
1321233032211
1321233032212
1321233032213
1321233032220
1321233032221
1321233032222
1321233032223
1321233032230
1321233032231
1321233032232
1321233032233
1321233032300
1321233032301
1321233032302
1321233032303
1321233032310
1321233032312
1321233032320
1321233032321
1321233032322
1321233032323
1321233032330
1321233032332
1321233200000
1321233200001
1321233200002
1321233200003
1321233200010
1321233200011
1321233200012
1321233200013
1321233200020
1321233200021
1321233200022
1321233200023
1321233200030
1321233200031
1321233200032
1321233200033
1321233200100
1321233200101
1321233200102
1321233200103
1321233200110
1321233200111
1321233200112
1321233200113
1321233200120
1321233200121
1321233200122
1321233200123
1321233200130
1321233200131
1321233200132
1321233200133
1321233200200
1321233200201
1321233200202
1321233200203
1321233200210
1321233200211
1321233200212
1321233200213
1321233200220
1321233200221
1321233200222
1321233200223
1321233200230
1321233200231
1321233200232
1321233200233
1321233200300
1321233200301
1321233200302
1321233200303
1321233200310
1321233200311
1321233200312
1321233200313
1321233200320
1321233200321
1321233200322
1321233200323
1321233200330
1321233200331
1321233200332
1321233200333
1321233201000
1321233201001
1321233201002
1321233201003
1321233201010
1321233201011
1321233201012
1321233201013
1321233201020
1321233201021
1321233201022
1321233201023
1321233201030
1321233201031
1321233201032
1321233201033
1321233201100
1321233201101
1321233201102
1321233201103
1321233201110
1321233201111
1321233201112
1321233201113
1321233201120
1321233201121
1321233201122
1321233201123
1321233201130
1321233201131
1321233201132
1321233201133
1321233201200
1321233201201
1321233201202
1321233201203
1321233201210
1321233201211
1321233201212
1321233201213
1321233201220
1321233201221
1321233201222
1321233201223
1321233201230
1321233201231
1321233201232
1321233201233
1321233201300
1321233201301
1321233201302
1321233201303
1321233201310
1321233201311
1321233201312
1321233201313
1321233201320
1321233201321
1321233201322
1321233201323
1321233201330
1321233201331
1321233201332
1321233201333
1321233202000
1321233202001
1321233202002
1321233202003
1321233202010
1321233202011
1321233202012
1321233202013
1321233202020
1321233202021
1321233202022
1321233202023
1321233202030
1321233202031
1321233202032
1321233202033
1321233202100
1321233202101
1321233202102
1321233202103
1321233202110
1321233202111
1321233202112
1321233202113
1321233202120
1321233202121
1321233202122
1321233202123
1321233202130
1321233202131
1321233202132
1321233202133
1321233202200
1321233202201
1321233202202
1321233202203
1321233202210
1321233202211
1321233202212
1321233202213
1321233202220
1321233202221
1321233202222
1321233202223
1321233202230
1321233202231
1321233202232
1321233202233
1321233202300
1321233202301
1321233202302
1321233202303
1321233202310
1321233202311
1321233202312
1321233202313
1321233202320
1321233202321
1321233202322
1321233202330
1321233202331
1321233203000
1321233203001
1321233203002
1321233203003
1321233203010
1321233203011
1321233203012
1321233203013
1321233203020
1321233203021
1321233203022
1321233203023
1321233203030
1321233203031
1321233203032
1321233203033
1321233203100
1321233203101
1321233203102
1321233203103
1321233203110
1321233203111
1321233203112
1321233203113
1321233203120
1321233203121
1321233203122
1321233203123
1321233203130
1321233203131
1321233203200
1321233203201
1321233203202
1321233203203
1321233203210
1321233203211
1321233203212
1321233203220
1321233203300
1321233210000
1321233210001
1321233210002
1321233210003
1321233210010
1321233210011
1321233210012
1321233210013
1321233210020
1321233210021
1321233210022
1321233210023
1321233210030
1321233210031
1321233210032
1321233210033
1321233210100
1321233210101
1321233210102
1321233210103
1321233210120
1321233210121
1321233210122
1321233210200
1321233210201
1321233210202
1321233210203
1321233210210
1321233210211
1321233210212
1321233210213
1321233210220
1321233210221
1321233210222
1321233210223
1321233210230
1321233212000
1321233212001
1321233212002
