0230130023333
0230130031323
0230130031332
0230130031333
0230130032113
0230130032121
0230130032122
0230130032123
0230130032130
0230130032131
0230130032132
0230130032133
0230130032203
0230130032210
0230130032211
0230130032212
0230130032213
0230130032220
0230130032221
0230130032222
0230130032223
0230130032230
0230130032231
0230130032232
0230130032233
0230130032300
0230130032301
0230130032302
0230130032303
0230130032310
0230130032311
0230130032312
0230130032313
0230130032320
0230130032321
0230130032322
0230130032323
0230130032330
0230130032331
0230130032332
0230130032333
0230130033001
0230130033002
0230130033003
0230130033010
0230130033011
0230130033012
0230130033013
0230130033020
0230130033021
0230130033022
0230130033023
0230130033030
0230130033031
0230130033032
0230130033033
0230130033100
0230130033101
0230130033102
0230130033103
0230130033110
0230130033111
0230130033112
0230130033113
0230130033120
0230130033121
0230130033122
0230130033123
0230130033130
0230130033131
0230130033132
0230130033133
0230130033200
0230130033201
0230130033202
0230130033203
0230130033210
0230130033211
0230130033212
0230130033213
0230130033220
0230130033221
0230130033222
0230130033223
0230130033230
0230130033231
0230130033232
0230130033233
0230130033300
0230130033301
0230130033302
0230130033303
0230130033310
0230130033311
0230130033312
0230130033313
0230130033320
0230130033321
0230130033322
0230130033323
0230130033330
0230130033331
0230130033332
0230130033333
0230130120222
0230130120223
0230130120232
0230130122000
0230130122001
0230130122002
0230130122003
0230130122010
0230130122011
0230130122012
0230130122013
0230130122020
0230130122021
0230130122022
0230130122023
0230130122030
0230130122031
0230130122032
0230130122033
0230130122100
0230130122101
0230130122102
0230130122103
0230130122110
0230130122112
0230130122113
0230130122120
0230130122121
0230130122122
0230130122123
0230130122130
0230130122131
0230130122132
0230130122133
0230130122200
0230130122201
0230130122202
0230130122203
0230130122210
0230130122211
0230130122212
0230130122213
0230130122220
0230130122221
0230130122222
0230130122223
0230130122230
0230130122231
0230130122232
0230130122233
0230130122300
0230130122301
0230130122302
0230130122303
0230130122310
0230130122311
0230130122312
0230130122313
0230130122320
0230130122321
0230130122322
0230130122323
0230130122330
0230130122331
0230130122332
0230130122333
0230130123002
0230130123003
0230130123020
0230130123021
0230130123022
0230130123023
0230130123030
0230130123032
0230130123033
0230130123122
0230130123200
0230130123201
0230130123202
0230130123203
0230130123210
0230130123211
0230130123212
0230130123213
0230130123220
0230130123221
0230130123222
0230130123223
0230130123230
0230130123231
0230130123232
0230130123233
0230130123300
0230130123301
0230130123302
0230130123303
0230130123312
0230130123320
0230130123321
0230130123322
0230130123323
0230130123330
0230130123331
0230130123332
0230130123333
0230130132222
0230130201111
0230130201112
0230130201113
0230130201121
0230130201122
0230130201123
0230130201130
0230130201131
0230130201132
0230130201133
0230130201213
0230130201231
0230130201232
0230130201233
0230130201300
0230130201301
0230130201302
0230130201303
0230130201310
0230130201311
0230130201312
0230130201313
0230130201320
0230130201321
0230130201322
0230130201323
0230130201330
0230130201331
0230130201332
0230130201333
0230130203010
0230130203011
0230130203012
0230130203013
0230130203021
0230130203023
0230130203030
0230130203031
0230130203032
0230130203033
0230130203100
0230130203101
0230130203102
0230130203103
0230130203110
0230130203111
0230130203112
0230130203113
0230130203120
0230130203121
0230130203122
0230130203123
0230130203130
0230130203131
0230130203132
0230130203133
0230130203201
0230130203202
0230130203203
0230130203210
0230130203211
0230130203212
0230130203213
0230130203220
0230130203221
0230130203222
0230130203223
0230130203230
0230130203231
0230130203232
0230130203233
0230130203300
0230130203301
0230130203302
0230130203303
0230130203310
0230130203311
0230130203312
0230130203313
0230130203320
0230130203321
0230130203322
0230130203323
0230130203330
0230130203331
0230130203332
0230130203333
0230130210000
0230130210001
0230130210002
0230130210003
0230130210010
0230130210011
0230130210012
0230130210013
0230130210020
0230130210021
0230130210022
0230130210023
0230130210030
0230130210031
0230130210032
0230130210033
0230130210100
0230130210101
0230130210102
0230130210103
0230130210110
0230130210111
0230130210112
0230130210113
0230130210120
0230130210121
0230130210122
0230130210123
0230130210130
0230130210131
0230130210132
0230130210133
0230130210200
0230130210201
0230130210202
0230130210203
0230130210210
0230130210211
0230130210212
0230130210213
0230130210220
0230130210221
0230130210222
0230130210223
0230130210230
0230130210231
0230130210232
0230130210233
0230130210300
0230130210301
0230130210302
0230130210303
0230130210310
0230130210311
0230130210312
0230130210313
0230130210320
0230130210321
0230130210322
0230130210323
0230130210330
0230130210331
0230130210332
0230130210333
0230130211000
0230130211001
0230130211002
0230130211003
0230130211010
0230130211011
0230130211012
0230130211013
0230130211020
0230130211021
0230130211022
0230130211023
0230130211030
0230130211031
0230130211032
0230130211033
0230130211100
0230130211101
0230130211102
0230130211103
0230130211110
0230130211111
0230130211112
0230130211113
0230130211120
0230130211121
0230130211122
0230130211123
0230130211130
0230130211131
0230130211132
0230130211133
0230130211200
0230130211201
0230130211202
0230130211203
0230130211210
0230130211211
0230130211212
0230130211213
0230130211220
0230130211221
0230130211222
0230130211223
0230130211230
0230130211231
0230130211232
0230130211233
0230130211300
0230130211301
0230130211302
0230130211303
0230130211310
0230130211311
0230130211312
0230130211313
0230130211320
0230130211321
0230130211322
0230130211323
0230130211330
0230130211331
0230130211332
0230130211333
0230130212000
0230130212001
0230130212002
0230130212003
0230130212010
0230130212011
0230130212012
0230130212013
0230130212020
0230130212021
0230130212022
0230130212023
0230130212030
0230130212031
0230130212032
0230130212033
0230130212100
0230130212101
0230130212102
0230130212103
0230130212110
0230130212111
0230130212112
0230130212113
0230130212120
0230130212121
0230130212122
0230130212123
0230130212130
0230130212131
0230130212132
0230130212133
0230130212200
0230130212201
0230130212202
0230130212203
0230130212210
0230130212211
0230130212212
0230130212213
0230130212220
0230130212221
0230130212222
0230130212223
0230130212230
0230130212231
0230130212232
0230130212233
0230130212300
0230130212301
0230130212302
0230130212303
0230130212310
0230130212311
0230130212312
0230130212313
0230130212320
0230130212321
0230130212322
0230130212323
0230130212330
0230130212331
0230130212332
0230130212333
0230130213000
0230130213001
0230130213002
0230130213003
0230130213010
0230130213011
0230130213012
0230130213013
0230130213020
0230130213021
0230130213022
0230130213023
0230130213030
0230130213031
0230130213032
0230130213033
0230130213100
0230130213101
0230130213102
0230130213103
0230130213110
0230130213111
0230130213112
0230130213113
0230130213120
0230130213121
0230130213122
0230130213123
0230130213130
0230130213131
0230130213132
0230130213133
0230130213200
0230130213201
0230130213202
0230130213203
0230130213210
0230130213211
0230130213212
0230130213213
0230130213220
0230130213221
0230130213222
0230130213223
0230130213230
0230130213231
0230130213232
0230130213233
0230130213300
0230130213301
0230130213302
0230130213303
0230130213310
0230130213311
0230130213312
0230130213313
0230130213320
0230130213321
0230130213322
0230130213323
0230130213330
0230130213331
0230130213332
0230130213333
0230130221000
0230130221001
0230130221002
0230130221003
0230130221010
0230130221011
0230130221012
0230130221013
0230130221020
0230130221021
0230130221022
0230130221023
0230130221030
0230130221031
0230130221032
0230130221033
0230130221100
0230130221101
0230130221102
0230130221103
0230130221110
0230130221111
0230130221112
0230130221113
0230130221120
0230130221121
0230130221122
0230130221123
0230130221130
0230130221131
0230130221132
0230130221133
0230130221200
0230130221201
0230130221202
0230130221203
0230130221210
0230130221211
0230130221212
0230130221213
0230130221220
0230130221221
0230130221222
0230130221223
0230130221230
0230130221231
0230130221232
0230130221233
0230130221300
0230130221301
0230130221302
0230130221303
0230130221310
0230130221311
0230130221312
0230130221313
0230130221320
0230130221321
0230130221322
0230130221323
0230130221330
0230130221331
0230130221332
0230130221333
0230130223000
0230130223001
0230130223002
0230130223003
0230130223010
0230130223011
0230130223012
0230130223013
0230130223020
0230130223021
0230130223022
0230130223023
0230130223030
0230130223031
0230130223032
0230130223033
0230130223100
0230130223101
0230130223102
0230130223103
0230130223110
0230130223111
0230130223112
0230130223113
0230130223120
0230130223121
0230130223122
0230130223123
0230130223130
0230130223131
0230130223132
0230130223133
0230130223200
0230130223201
0230130223202
0230130223203
0230130223210
0230130223211
0230130223212
0230130223213
0230130223221
0230130223223
0230130223230
0230130223231
0230130223232
0230130223233
0230130223300
0230130223301
0230130223302
0230130223303
0230130223310
0230130223311
0230130223312
0230130223313
0230130223320
0230130223321
0230130223322
0230130223323
0230130223330
0230130223331
0230130223332
0230130223333
0230130230000
0230130230001
0230130230002
0230130230003
0230130230010
0230130230011
0230130230012
0230130230013
0230130230020
0230130230021
0230130230022
0230130230023
0230130230030
0230130230031
0230130230032
0230130230033
0230130230100
0230130230101
0230130230102
0230130230103
0230130230110
0230130230111
0230130230112
0230130230113
0230130230120
0230130230121
0230130230122
0230130230123
0230130230130
0230130230131
0230130230132
0230130230133
0230130230200
0230130230201
0230130230202
0230130230203
0230130230210
0230130230211
0230130230212
0230130230213
0230130230220
0230130230221
0230130230222
0230130230223
0230130230230
0230130230231
0230130230232
0230130230233
0230130230300
0230130230301
0230130230302
0230130230303
0230130230310
0230130230311
0230130230312
0230130230313
0230130230320
0230130230321
0230130230322
0230130230323
0230130230330
0230130230331
0230130230332
0230130230333
0230130231000
0230130231001
0230130231002
0230130231003
0230130231010
0230130231011
0230130231012
0230130231013
0230130231020
0230130231021
0230130231022
0230130231023
0230130231030
0230130231031
0230130231032
0230130231033
0230130231100
0230130231101
0230130231102
0230130231103
0230130231110
0230130231111
0230130231112
0230130231113
0230130231120
0230130231121
0230130231122
0230130231123
0230130231130
0230130231131
0230130231132
0230130231133
0230130231200
0230130231201
0230130231202
0230130231203
0230130231210
0230130231211
0230130231212
0230130231213
0230130231220
0230130231221
0230130231222
0230130231223
0230130231230
0230130231231
0230130231232
0230130231233
0230130231300
0230130231301
0230130231302
0230130231303
0230130231310
0230130231311
0230130231312
0230130231313
0230130231320
0230130231321
0230130231322
0230130231323
0230130231330
0230130231331
0230130231332
0230130231333
0230130232000
0230130232001
0230130232002
0230130232003
0230130232010
0230130232011
0230130232012
0230130232013
0230130232020
0230130232021
0230130232022
0230130232023
0230130232030
0230130232031
0230130232032
0230130232033
0230130232100
0230130232101
0230130232102
0230130232103
0230130232110
0230130232111
0230130232112
0230130232113
0230130232120
0230130232121
0230130232122
0230130232123
0230130232130
0230130232131
0230130232132
0230130232133
0230130232200
0230130232201
0230130232202
0230130232203
0230130232210
0230130232211
0230130232212
0230130232213
0230130232220
0230130232221
0230130232222
0230130232223
0230130232230
0230130232231
0230130232232
0230130232233
0230130232300
0230130232301
0230130232302
0230130232303
0230130232310
0230130232311
0230130232312
0230130232313
0230130232320
0230130232321
0230130232322
0230130232323
0230130232330
0230130232331
0230130232332
0230130232333
0230130233000
0230130233001
0230130233002
0230130233003
0230130233010
0230130233011
0230130233012
0230130233013
0230130233020
0230130233021
0230130233022
0230130233023
0230130233030
0230130233031
0230130233032
0230130233033
0230130233100
0230130233101
0230130233102
0230130233103
0230130233110
0230130233111
0230130233112
0230130233113
0230130233120
0230130233121
0230130233122
0230130233123
0230130233130
0230130233131
0230130233132
0230130233133
0230130233200
0230130233201
0230130233202
0230130233203
0230130233210
0230130233211
0230130233212
0230130233213
0230130233220
0230130233221
0230130233222
0230130233223
0230130233230
0230130233231
0230130233232
0230130233233
0230130233300
0230130233301
0230130233302
0230130233303
0230130233310
0230130233311
0230130233312
0230130233313
0230130233320
0230130233321
0230130233322
0230130233323
0230130233330
0230130233331
0230130233332
0230130233333
0230130300000
0230130300001
0230130300002
0230130300003
0230130300010
0230130300011
0230130300012
0230130300013
0230130300020
0230130300021
0230130300022
0230130300023
0230130300030
0230130300031
0230130300032
0230130300033
0230130300100
0230130300101
0230130300102
0230130300103
0230130300110
0230130300111
0230130300112
0230130300113
0230130300120
0230130300121
0230130300122
0230130300123
0230130300130
0230130300131
0230130300132
0230130300133
0230130300200
0230130300201
0230130300202
0230130300203
0230130300210
0230130300211
0230130300212
0230130300213
0230130300220
0230130300221
0230130300222
0230130300223
0230130300230
0230130300231
0230130300232
0230130300233
0230130300300
0230130300301
0230130300302
0230130300303
0230130300310
0230130300311
0230130300312
0230130300313
0230130300320
0230130300321
0230130300322
0230130300323
0230130300330
0230130300331
0230130300332
0230130300333
0230130301000
0230130301001
0230130301002
0230130301003
0230130301010
0230130301011
0230130301012
0230130301013
0230130301020
0230130301021
0230130301022
0230130301023
0230130301030
0230130301031
0230130301032
0230130301033
0230130301100
0230130301101
0230130301102
0230130301103
0230130301110
0230130301111
0230130301112
0230130301113
0230130301120
0230130301121
0230130301122
0230130301123
0230130301130
0230130301131
0230130301132
0230130301133
0230130301200
0230130301201
0230130301202
0230130301203
0230130301210
0230130301211
0230130301212
0230130301213
0230130301220
0230130301221
0230130301222
0230130301223
0230130301230
0230130301231
0230130301232
0230130301233
0230130301300
0230130301301
0230130301302
0230130301303
0230130301310
0230130301311
0230130301312
0230130301313
0230130301320
0230130301321
0230130301322
0230130301323
0230130301330
0230130301331
0230130301332
0230130301333
0230130302000
0230130302001
0230130302002
0230130302003
0230130302010
0230130302011
0230130302012
0230130302013
0230130302020
0230130302021
0230130302022
0230130302023
0230130302030
0230130302031
0230130302032
0230130302033
0230130302100
0230130302101
0230130302102
0230130302103
0230130302110
0230130302111
0230130302112
0230130302113
0230130302120
0230130302121
0230130302122
0230130302123
0230130302130
0230130302131
0230130302132
0230130302133
0230130302200
0230130302201
0230130302202
0230130302203
0230130302210
0230130302211
0230130302212
0230130302213
0230130302220
0230130302221
0230130302222
0230130302223
0230130302230
0230130302231
0230130302232
0230130302233
0230130302300
0230130302301
0230130302302
0230130302303
0230130302310
0230130302311
0230130302312
0230130302313
0230130302320
0230130302321
0230130302322
0230130302323
0230130302330
0230130302331
0230130302332
0230130302333
0230130303000
0230130303001
0230130303002
0230130303003
0230130303010
0230130303011
0230130303012
0230130303013
0230130303020
0230130303021
0230130303022
0230130303023
0230130303030
0230130303031
0230130303032
0230130303033
0230130303100
0230130303101
0230130303102
0230130303103
0230130303110
0230130303111
0230130303112
0230130303113
0230130303120
0230130303121
0230130303122
0230130303123
0230130303130
0230130303131
0230130303132
0230130303133
0230130303200
0230130303201
0230130303202
0230130303203
0230130303210
0230130303211
0230130303212
0230130303213
0230130303220
0230130303221
0230130303222
0230130303223
0230130303230
0230130303231
0230130303232
0230130303233
0230130303300
0230130303301
0230130303302
0230130303303
0230130303310
0230130303311
0230130303312
0230130303313
0230130303320
0230130303321
0230130303322
0230130303323
0230130303330
0230130303331
0230130303332
0230130303333
0230130310000
0230130310001
0230130310002
0230130310003
0230130310012
0230130310020
0230130310021
0230130310022
0230130310023
0230130310030
0230130310031
0230130310032
0230130310033
0230130310122
0230130310200
0230130310201
0230130310202
0230130310203
0230130310210
0230130310211
0230130310212
0230130310213
0230130310220
0230130310221
0230130310222
0230130310223
0230130310230
0230130310231
0230130310232
0230130310233
0230130310300
0230130310302
0230130310303
0230130310320
0230130310321
0230130310322
0230130310323
0230130310330
0230130310332
0230130310333
0230130312000
0230130312001
0230130312002
0230130312003
0230130312010
0230130312011
0230130312012
0230130312013
0230130312020
0230130312021
0230130312022
0230130312023
0230130312030
0230130312031
0230130312032
0230130312033
0230130312100
0230130312101
0230130312102
0230130312103
0230130312110
0230130312111
0230130312112
0230130312113
0230130312120
0230130312121
0230130312122
0230130312123
0230130312130
0230130312131
0230130312132
0230130312133
0230130312200
0230130312201
0230130312202
0230130312203
0230130312210
0230130312211
0230130312212
0230130312213
0230130312220
0230130312221
0230130312222
0230130312223
0230130312230
0230130312231
0230130312232
0230130312233
0230130312300
0230130312301
0230130312302
0230130312303
0230130312310
0230130312311
0230130312312
0230130312313
0230130312320
0230130312321
0230130312322
0230130312323
0230130312330
0230130312331
0230130312332
0230130312333
0230130313000
0230130313002
0230130313020
0230130313021
0230130313022
0230130313023
0230130313200
0230130313201
0230130313202
0230130313203
0230130313210
0230130313212
0230130313220
0230130313221
0230130313222
0230130313223
0230130313230
0230130313231
0230130313232
0230130313233
0230130320000
0230130320001
0230130320002
0230130320003
0230130320010
0230130320011
0230130320012
0230130320013
0230130320020
0230130320021
0230130320022
0230130320023
0230130320030
0230130320031
0230130320032
0230130320033
0230130320100
0230130320101
0230130320102
0230130320103
0230130320110
0230130320111
0230130320112
0230130320113
0230130320120
0230130320121
0230130320122
0230130320123
0230130320130
0230130320131
0230130320132
0230130320133
0230130320200
0230130320201
0230130320202
0230130320203
0230130320210
0230130320211
0230130320212
0230130320213
0230130320220
0230130320221
0230130320222
0230130320223
0230130320230
0230130320231
0230130320232
0230130320233
0230130320300
0230130320301
0230130320302
0230130320303
0230130320310
0230130320311
0230130320312
0230130320313
0230130320320
0230130320321
0230130320322
0230130320323
0230130320330
0230130320331
0230130320332
0230130320333
0230130321000
0230130321001
0230130321002
0230130321003
0230130321010
0230130321011
0230130321012
0230130321013
0230130321020
0230130321021
0230130321022
0230130321023
0230130321030
0230130321031
0230130321032
0230130321033
0230130321100
0230130321101
0230130321102
0230130321103
0230130321110
0230130321111
0230130321112
0230130321113
0230130321120
0230130321121
0230130321122
0230130321123
0230130321130
0230130321131
0230130321132
0230130321133
0230130321200
0230130321201
0230130321202
0230130321203
0230130321210
0230130321211
0230130321212
0230130321213
0230130321220
0230130321221
0230130321222
0230130321223
0230130321230
0230130321231
0230130321232
0230130321233
0230130321300
0230130321301
0230130321302
0230130321303
0230130321310
0230130321311
0230130321312
0230130321313
0230130321320
0230130321321
0230130321322
0230130321323
0230130321330
0230130321331
0230130321332
0230130321333
0230130322000
0230130322001
0230130322002
0230130322003
0230130322010
0230130322011
0230130322012
0230130322013
0230130322020
0230130322021
0230130322022
0230130322023
0230130322030
0230130322031
0230130322032
0230130322033
0230130322100
0230130322101
0230130322102
0230130322103
0230130322110
0230130322111
0230130322112
0230130322113
0230130322120
0230130322121
0230130322122
0230130322123
0230130322130
0230130322131
0230130322132
0230130322133
0230130322200
0230130322201
0230130322202
0230130322203
0230130322210
0230130322211
0230130322212
0230130322213
0230130322220
0230130322221
0230130322222
0230130322223
0230130322230
0230130322231
0230130322232
0230130322233
0230130322300
0230130322301
0230130322302
0230130322303
0230130322310
0230130322311
0230130322312
0230130322313
0230130322320
0230130322321
0230130322322
0230130322323
0230130322330
0230130322331
0230130322332
0230130322333
0230130323000
0230130323001
0230130323002
0230130323003
0230130323010
0230130323011
0230130323012
0230130323013
0230130323020
0230130323021
0230130323022
0230130323023
0230130323030
0230130323031
0230130323032
0230130323033
0230130323100
0230130323101
0230130323102
0230130323103
0230130323110
0230130323111
0230130323112
0230130323113
0230130323120
0230130323121
0230130323122
0230130323123
0230130323130
0230130323131
0230130323132
0230130323133
0230130323200
0230130323201
0230130323202
0230130323203
0230130323210
0230130323211
0230130323212
0230130323213
0230130323220
0230130323221
0230130323222
0230130323223
0230130323230
0230130323231
0230130323232
0230130323233
0230130323300
0230130323301
0230130323302
0230130323303
0230130323310
0230130323311
0230130323312
0230130323313
0230130323320
0230130323321
0230130323322
0230130323323
0230130323330
0230130323331
0230130323332
0230130323333
0230130330000
0230130330001
0230130330002
0230130330003
0230130330010
0230130330011
0230130330012
0230130330013
0230130330020
0230130330021
0230130330022
0230130330023
0230130330030
0230130330031
0230130330032
0230130330033
0230130330100
0230130330101
0230130330102
0230130330103
0230130330110
0230130330111
0230130330112
0230130330113
0230130330120
0230130330121
0230130330122
0230130330123
0230130330130
0230130330131
0230130330132
0230130330133
0230130330200
0230130330201
0230130330202
0230130330203
0230130330210
0230130330211
0230130330212
0230130330213
0230130330220
0230130330221
0230130330222
0230130330223
0230130330230
0230130330231
0230130330232
0230130330233
0230130330300
0230130330301
0230130330302
0230130330303
0230130330310
0230130330311
0230130330312
0230130330313
0230130330320
0230130330321
0230130330322
0230130330323
0230130330330
0230130330331
0230130330332
0230130330333
0230130331000
0230130331001
0230130331002
0230130331003
0230130331010
0230130331011
0230130331012
0230130331013
0230130331020
0230130331021
0230130331022
0230130331023
0230130331030
0230130331031
0230130331032
0230130331033
0230130331102
0230130331120
0230130331122
0230130331200
0230130331201
0230130331202
0230130331203
0230130331210
0230130331211
0230130331212
0230130331213
0230130331220
0230130331221
0230130331222
0230130331223
0230130331230
0230130331231
0230130331232
0230130331233
0230130331300
0230130331301
0230130331302
0230130331303
0230130331320
0230130331321
0230130331322
0230130331323
0230130331332
0230130332000
0230130332001
0230130332002
0230130332003
0230130332010
0230130332011
0230130332012
0230130332013
0230130332020
0230130332021
0230130332022
0230130332023
0230130332030
0230130332031
0230130332032
0230130332033
0230130332100
0230130332101
0230130332102
0230130332103
0230130332110
0230130332111
0230130332112
0230130332113
0230130332120
0230130332121
0230130332122
0230130332123
0230130332130
0230130332131
0230130332132
0230130332133
0230130332200
0230130332201
0230130332202
0230130332203
0230130332210
0230130332211
0230130332212
0230130332213
0230130332220
0230130332221
0230130332222
0230130332223
0230130332230
0230130332231
0230130332232
0230130332233
0230130332300
0230130332301
0230130332302
0230130332303
0230130332310
0230130332311
0230130332312
0230130332313
0230130332320
0230130332321
0230130332322
0230130332323
0230130332330
0230130332331
0230130332332
0230130332333
0230130333000
0230130333001
0230130333002
0230130333003
0230130333010
0230130333011
0230130333012
0230130333013
0230130333020
0230130333021
0230130333022
0230130333023
0230130333030
0230130333031
0230130333032
0230130333033
0230130333100
0230130333101
0230130333102
0230130333103
0230130333110
0230130333112
0230130333120
0230130333121
0230130333122
0230130333123
0230130333130
0230130333132
0230130333200
0230130333201
0230130333202
0230130333203
0230130333210
0230130333211
0230130333212
0230130333213
0230130333220
0230130333221
0230130333222
0230130333223
0230130333230
0230130333231
0230130333232
0230130333233
0230130333300
0230130333301
0230130333302
0230130333303
0230130333310
0230130333312
0230130333320
0230130333321
0230130333322
0230130333323
0230130333330
0230130333332
0230132001001
0230132001010
0230132001011
0230132001012
0230132001013
0230132001030
0230132001031
0230132001032
0230132001033
0230132001100
0230132001101
0230132001102
0230132001103
0230132001110
0230132001111
0230132001112
0230132001113
0230132001120
0230132001121
0230132001122
0230132001123
0230132001130
0230132001131
0230132001132
0230132001133
0230132001211
0230132001213
0230132001300
0230132001301
0230132001302
0230132001303
0230132001310
0230132001311
0230132001312
0230132001313
0230132001320
0230132001321
0230132001323
0230132001330
0230132001331
0230132001332
0230132001333
0230132003101
0230132003110
0230132003111
0230132003112
0230132003113
0230132003130
0230132003131
0230132003132
0230132003133
0230132003311
0230132003313
0230132003331
0230132003333
0230132010000
0230132010001
0230132010002
0230132010003
0230132010010
0230132010011
0230132010012
0230132010013
0230132010020
0230132010021
0230132010022
0230132010023
0230132010030
0230132010031
0230132010032
0230132010033
0230132010100
0230132010101
0230132010102
0230132010103
0230132010110
0230132010111
0230132010112
0230132010113
0230132010120
0230132010121
0230132010122
0230132010123
0230132010130
0230132010131
0230132010132
0230132010133
0230132010200
0230132010201
0230132010202
0230132010203
0230132010210
0230132010211
0230132010212
0230132010213
0230132010220
0230132010221
0230132010222
0230132010223
0230132010230
0230132010231
0230132010232
0230132010233
0230132010300
0230132010301
0230132010302
0230132010303
0230132010310
0230132010311
0230132010312
0230132010313
0230132010320
0230132010321
0230132010322
0230132010323
0230132010330
0230132010331
0230132010332
0230132010333
0230132011000
0230132011001
0230132011002
0230132011003
0230132011010
0230132011011
0230132011012
0230132011013
0230132011020
0230132011021
0230132011022
0230132011023
0230132011030
0230132011031
0230132011032
0230132011033
0230132011100
0230132011101
0230132011102
0230132011103
0230132011110
0230132011111
0230132011112
0230132011113
0230132011120
0230132011121
0230132011122
0230132011123
0230132011130
0230132011131
0230132011132
0230132011133
0230132011200
0230132011201
0230132011202
0230132011203
0230132011210
0230132011211
0230132011212
0230132011213
0230132011220
0230132011221
0230132011222
0230132011223
0230132011230
0230132011231
0230132011232
0230132011233
0230132011300
0230132011301
0230132011302
0230132011303
0230132011310
0230132011311
0230132011312
0230132011313
0230132011320
0230132011321
0230132011322
0230132011323
0230132011330
0230132011331
0230132011332
0230132011333
0230132012000
0230132012001
0230132012002
0230132012003
0230132012010
0230132012011
0230132012012
0230132012013
0230132012020
0230132012021
0230132012022
0230132012023
0230132012030
0230132012031
0230132012032
0230132012033
0230132012100
0230132012101
0230132012102
0230132012103
0230132012110
0230132012111
0230132012112
0230132012113
0230132012120
0230132012121
0230132012122
0230132012123
0230132012130
0230132012131
0230132012132
0230132012133
0230132012200
0230132012201
0230132012202
0230132012203
0230132012210
0230132012211
0230132012212
0230132012213
0230132012220
0230132012221
0230132012222
0230132012223
0230132012230
0230132012231
0230132012232
0230132012233
0230132012300
0230132012301
0230132012302
0230132012303
0230132012310
0230132012311
0230132012312
0230132012313
0230132012320
0230132012321
0230132012322
0230132012323
0230132012330
0230132012331
0230132012332
0230132012333
0230132013000
0230132013001
0230132013002
0230132013003
0230132013010
0230132013011
0230132013012
0230132013013
0230132013020
0230132013021
0230132013022
0230132013023
0230132013030
0230132013031
0230132013032
0230132013033
0230132013100
0230132013101
0230132013102
0230132013103
0230132013110
0230132013111
0230132013112
0230132013113
0230132013120
0230132013121
0230132013122
0230132013123
0230132013130
0230132013131
0230132013132
0230132013133
0230132013200
0230132013201
0230132013202
0230132013203
0230132013210
0230132013211
0230132013212
0230132013213
0230132013220
0230132013221
0230132013222
0230132013223
0230132013230
0230132013231
0230132013232
0230132013233
0230132013300
0230132013301
0230132013302
0230132013303
0230132013310
0230132013311
0230132013312
0230132013313
0230132013320
0230132013321
0230132013322
0230132013323
0230132013330
0230132013331
0230132013332
0230132013333
0230132030000
0230132030001
0230132030002
0230132030003
0230132030010
0230132030011
0230132030012
0230132030013
0230132030020
0230132030021
0230132030023
0230132030030
0230132030031
0230132030032
0230132030033
0230132030100
0230132030101
0230132030102
0230132030103
0230132030110
0230132030111
0230132030112
0230132030113
0230132030120
0230132030121
0230132030122
0230132030123
0230132030130
0230132030131
0230132030132
0230132030133
0230132030201
0230132030210
0230132030211
0230132030212
0230132030213
0230132030230
0230132030231
0230132030233
0230132030300
0230132030301
0230132030302
0230132030303
0230132030310
0230132030311
0230132030312
0230132030313
0230132030320
0230132030321
0230132030322
0230132030323
0230132030330
0230132030331
0230132030332
0230132030333
0230132031000
0230132031001
0230132031002
0230132031003
0230132031010
0230132031011
0230132031012
0230132031013
0230132031020
0230132031021
0230132031022
0230132031023
0230132031030
0230132031031
0230132031032
0230132031033
0230132031100
0230132031101
0230132031102
0230132031103
0230132031110
0230132031111
0230132031112
0230132031113
0230132031120
0230132031121
0230132031122
0230132031123
0230132031130
0230132031131
0230132031132
0230132031133
0230132031200
0230132031201
0230132031202
0230132031203
0230132031210
0230132031211
0230132031212
0230132031213
0230132031220
0230132031221
0230132031222
0230132031223
0230132031230
0230132031231
0230132031232
0230132031233
0230132031300
0230132031301
0230132031302
0230132031303
0230132031310
0230132031311
0230132031312
0230132031313
0230132031320
0230132031321
0230132031322
0230132031323
0230132031330
0230132031331
0230132031332
0230132031333
0230132032100
0230132032101
0230132032102
0230132032103
0230132032110
0230132032111
0230132032112
0230132032113
0230132032121
0230132032130
0230132032131
0230132032132
0230132032133
0230132032311
0230132033000
0230132033001
0230132033002
0230132033003
0230132033010
0230132033011
0230132033012
0230132033013
0230132033020
0230132033021
0230132033022
0230132033023
0230132033030
0230132033031
0230132033032
0230132033033
0230132033100
0230132033101
0230132033102
0230132033103
0230132033110
0230132033111
0230132033112
0230132033113
0230132033120
0230132033121
0230132033122
0230132033123
0230132033130
0230132033131
0230132033132
0230132033133
0230132033200
0230132033201
0230132033202
0230132033203
0230132033210
0230132033211
0230132033212
0230132033213
0230132033221
0230132033230
0230132033231
0230132033233
0230132033300
0230132033301
0230132033302
0230132033303
0230132033310
0230132033311
0230132033312
0230132033313
0230132033320
0230132033321
0230132033322
0230132033323
0230132033330
0230132033331
0230132033332
0230132033333
0230132100000
0230132100001
0230132100002
0230132100003
0230132100010
0230132100011
0230132100012
0230132100013
0230132100020
0230132100021
0230132100022
0230132100023
0230132100030
0230132100031
0230132100032
0230132100033
0230132100100
0230132100101
0230132100102
0230132100103
0230132100110
0230132100111
0230132100112
0230132100113
0230132100120
0230132100121
0230132100122
0230132100123
0230132100130
0230132100131
0230132100132
0230132100133
0230132100200
0230132100201
0230132100202
0230132100203
0230132100210
0230132100211
0230132100212
0230132100213
0230132100220
0230132100221
0230132100222
0230132100223
0230132100230
0230132100231
0230132100232
0230132100233
0230132100300
0230132100301
0230132100302
0230132100303
0230132100310
0230132100311
0230132100312
0230132100313
0230132100320
0230132100321
0230132100322
0230132100323
0230132100330
0230132100331
0230132100332
0230132100333
0230132101000
0230132101001
0230132101002
0230132101003
0230132101010
0230132101011
0230132101012
0230132101013
0230132101020
0230132101021
0230132101022
0230132101023
0230132101030
0230132101031
0230132101032
0230132101033
0230132101100
0230132101101
0230132101102
0230132101103
0230132101110
0230132101111
0230132101112
0230132101113
0230132101120
0230132101121
0230132101122
0230132101123
0230132101130
0230132101131
0230132101132
0230132101133
0230132101200
0230132101201
0230132101202
0230132101203
0230132101210
0230132101211
0230132101212
0230132101213
0230132101220
0230132101221
0230132101222
0230132101223
0230132101230
0230132101231
0230132101232
0230132101233
0230132101300
0230132101301
0230132101302
0230132101303
0230132101310
0230132101311
0230132101312
0230132101313
0230132101320
0230132101321
0230132101322
0230132101323
0230132101330
0230132101331
0230132101332
0230132101333
0230132102000
0230132102001
0230132102002
0230132102003
0230132102010
0230132102011
0230132102012
0230132102013
0230132102020
0230132102021
0230132102022
0230132102023
0230132102030
0230132102031
0230132102032
0230132102033
0230132102100
0230132102101
0230132102102
0230132102103
0230132102110
0230132102111
0230132102112
0230132102113
0230132102120
0230132102121
0230132102122
0230132102123
0230132102130
0230132102131
0230132102132
0230132102133
0230132102200
0230132102201
0230132102202
0230132102203
0230132102210
0230132102211
0230132102212
0230132102213
0230132102220
0230132102221
0230132102222
0230132102223
0230132102230
0230132102231
0230132102232
0230132102233
0230132102300
0230132102301
0230132102302
0230132102303
0230132102310
0230132102311
0230132102312
0230132102313
0230132102320
0230132102321
0230132102322
0230132102323
0230132102330
0230132102331
0230132102332
0230132102333
0230132103000
0230132103001
0230132103002
0230132103003
0230132103010
0230132103011
0230132103012
0230132103013
0230132103020
0230132103021
0230132103022
0230132103023
0230132103030
0230132103031
0230132103032
0230132103033
0230132103100
0230132103101
0230132103102
0230132103103
0230132103110
0230132103111
0230132103112
0230132103113
0230132103120
0230132103121
0230132103122
0230132103123
0230132103130
0230132103131
0230132103132
0230132103133
0230132103200
0230132103201
0230132103202
0230132103203
0230132103210
0230132103211
0230132103212
0230132103213
0230132103220
0230132103221
0230132103222
0230132103223
0230132103230
0230132103231
0230132103232
0230132103233
0230132103300
0230132103301
0230132103302
0230132103303
0230132103310
0230132103311
0230132103312
0230132103313
0230132103320
0230132103321
0230132103322
0230132103323
0230132103330
0230132103331
0230132103332
0230132103333
0230132110000
0230132110001
0230132110002
0230132110003
0230132110010
0230132110011
0230132110012
0230132110013
0230132110020
0230132110021
0230132110022
0230132110023
0230132110030
0230132110031
0230132110032
0230132110033
0230132110100
0230132110101
0230132110102
0230132110103
0230132110110
0230132110111
0230132110112
0230132110113
0230132110120
0230132110121
0230132110122
0230132110123
0230132110130
0230132110131
0230132110132
0230132110133
0230132110200
0230132110201
0230132110202
0230132110203
0230132110210
0230132110211
0230132110212
0230132110213
0230132110220
0230132110221
0230132110222
0230132110223
0230132110230
0230132110231
0230132110232
0230132110233
0230132110300
0230132110301
0230132110302
0230132110303
0230132110310
0230132110311
0230132110312
0230132110313
0230132110320
0230132110321
0230132110322
0230132110323
0230132110330
0230132110331
0230132110332
0230132110333
0230132111000
0230132111001
0230132111002
0230132111003
0230132111010
0230132111011
0230132111012
0230132111013
0230132111020
0230132111021
0230132111022
0230132111023
0230132111030
0230132111031
0230132111032
0230132111033
0230132111100
0230132111101
0230132111102
0230132111103
0230132111110
0230132111112
0230132111120
0230132111121
0230132111122
0230132111123
0230132111130
0230132111132
0230132111200
0230132111201
0230132111202
0230132111203
0230132111210
0230132111211
0230132111212
0230132111213
0230132111220
0230132111221
0230132111222
0230132111223
0230132111230
0230132111231
0230132111232
0230132111233
0230132111300
0230132111301
0230132111302
0230132111303
0230132111310
0230132111312
0230132111320
0230132111321
0230132111322
0230132111323
0230132111330
0230132111332
0230132112000
0230132112001
0230132112002
0230132112003
0230132112010
0230132112011
0230132112012
0230132112013
0230132112020
0230132112021
0230132112022
0230132112023
0230132112030
0230132112031
0230132112032
0230132112033
0230132112100
0230132112101
0230132112102
0230132112103
0230132112110
0230132112111
0230132112112
0230132112113
0230132112120
0230132112121
0230132112122
0230132112123
0230132112130
0230132112131
0230132112132
0230132112133
0230132112200
0230132112201
0230132112202
0230132112203
0230132112210
0230132112211
0230132112212
0230132112213
0230132112220
0230132112221
0230132112222
0230132112223
0230132112230
0230132112231
0230132112232
0230132112233
0230132112300
0230132112301
0230132112302
0230132112303
0230132112310
0230132112311
0230132112312
0230132112313
0230132112320
0230132112321
0230132112322
0230132112323
0230132112330
0230132112331
0230132112332
0230132112333
0230132113000
0230132113001
0230132113002
0230132113003
0230132113010
0230132113011
0230132113012
0230132113013
0230132113020
0230132113021
0230132113022
0230132113023
0230132113030
0230132113031
0230132113032
0230132113033
0230132113100
0230132113101
0230132113102
0230132113103
0230132113110
0230132113112
0230132113120
0230132113121
0230132113122
0230132113123
0230132113130
0230132113132
0230132113200
0230132113201
0230132113202
0230132113203
0230132113210
0230132113211
0230132113212
0230132113213
0230132113220
0230132113221
0230132113222
0230132113223
0230132113230
0230132113231
0230132113232
0230132113233
0230132113300
0230132113301
0230132113302
0230132113303
0230132113310
0230132113312
0230132113320
0230132113321
0230132113322
0230132113323
0230132120000
0230132120001
0230132120002
0230132120003
0230132120010
0230132120011
0230132120012
0230132120013
0230132120020
0230132120021
0230132120022
0230132120023
0230132120030
0230132120031
0230132120032
0230132120033
0230132120100
0230132120101
0230132120102
0230132120103
0230132120110
0230132120111
0230132120112
0230132120113
0230132120120
0230132120121
0230132120122
0230132120123
0230132120130
0230132120131
0230132120132
0230132120133
0230132120200
0230132120201
0230132120202
0230132120203
0230132120210
0230132120211
0230132120212
0230132120213
0230132120220
0230132120221
0230132120222
0230132120223
0230132120230
0230132120231
0230132120232
0230132120233
0230132120300
0230132120301
0230132120302
0230132120303
0230132120310
0230132120311
0230132120312
0230132120313
0230132120320
0230132120321
0230132120322
0230132120323
0230132120330
0230132120331
0230132120332
0230132120333
0230132121000
0230132121001
0230132121002
0230132121003
0230132121010
0230132121011
0230132121012
0230132121013
0230132121020
0230132121021
0230132121022
0230132121023
0230132121030
0230132121031
0230132121032
0230132121033
0230132121100
0230132121101
0230132121102
0230132121103
0230132121110
0230132121111
0230132121112
0230132121113
0230132121120
0230132121121
0230132121122
0230132121123
0230132121130
0230132121131
0230132121132
0230132121133
0230132121200
0230132121201
0230132121202
0230132121203
0230132121210
0230132121211
0230132121212
0230132121213
0230132121220
0230132121221
0230132121222
0230132121223
0230132121230
0230132121231
0230132121232
0230132121233
0230132121300
0230132121301
0230132121302
0230132121303
0230132121310
0230132121311
0230132121312
0230132121313
0230132121320
0230132121321
0230132121322
0230132121323
0230132121330
0230132121331
0230132121332
0230132121333
0230132122000
0230132122001
0230132122002
0230132122003
0230132122010
0230132122011
0230132122012
0230132122013
0230132122020
0230132122021
0230132122022
0230132122023
0230132122030
0230132122031
0230132122032
0230132122033
0230132122100
0230132122101
0230132122102
0230132122103
0230132122110
0230132122111
0230132122112
0230132122113
0230132122120
0230132122121
0230132122122
0230132122123
0230132122130
0230132122131
0230132122132
0230132122133
0230132122200
0230132122201
0230132122202
0230132122203
0230132122210
0230132122211
0230132122212
0230132122213
0230132122220
0230132122221
0230132122222
0230132122223
0230132122230
0230132122231
0230132122232
0230132122233
0230132122300
0230132122301
0230132122302
0230132122303
0230132122310
0230132122311
0230132122312
0230132122313
0230132122320
0230132122321
0230132122322
0230132122323
0230132122330
0230132122331
0230132122332
0230132122333
0230132123000
0230132123001
0230132123002
0230132123003
0230132123010
0230132123011
0230132123012
0230132123013
0230132123020
0230132123021
0230132123022
0230132123023
0230132123030
0230132123031
0230132123032
0230132123033
0230132123100
0230132123101
0230132123102
0230132123103
0230132123110
0230132123111
0230132123112
0230132123113
0230132123120
0230132123121
0230132123122
0230132123123
0230132123130
0230132123131
0230132123132
0230132123133
0230132123200
0230132123201
0230132123202
0230132123203
0230132123210
0230132123211
0230132123212
0230132123213
0230132123220
0230132123221
0230132123222
0230132123223
0230132123230
0230132123231
0230132123232
0230132123233
0230132123300
0230132123301
0230132123302
0230132123303
0230132123310
0230132123311
0230132123312
0230132123313
0230132123320
0230132123321
0230132123322
0230132123323
0230132123330
0230132123331
0230132123332
0230132123333
0230132130000
0230132130001
0230132130002
0230132130003
0230132130010
0230132130011
0230132130012
0230132130013
0230132130020
0230132130021
0230132130022
0230132130023
0230132130030
0230132130031
0230132130032
0230132130033
0230132130100
0230132130101
0230132130102
0230132130103
0230132130110
0230132130111
0230132130112
0230132130113
0230132130120
0230132130121
0230132130122
0230132130123
0230132130130
0230132130131
0230132130132
0230132130133
0230132130200
0230132130201
0230132130202
0230132130203
0230132130210
0230132130211
0230132130212
0230132130213
0230132130220
0230132130221
0230132130222
0230132130223
0230132130230
0230132130231
0230132130232
0230132130233
0230132130300
0230132130301
0230132130302
0230132130303
0230132130310
0230132130311
0230132130312
0230132130313
0230132130320
0230132130321
0230132130322
0230132130323
0230132130330
0230132130331
0230132130332
0230132130333
0230132131000
0230132131001
0230132131002
0230132131003
0230132131010
0230132131011
0230132131012
0230132131013
0230132131020
0230132131021
0230132131022
0230132131023
0230132131030
0230132131031
0230132131032
0230132131033
0230132131100
0230132131101
0230132131102
0230132131120
0230132131122
0230132131200
0230132131201
0230132131202
0230132131203
0230132131210
0230132131211
0230132131212
0230132131213
0230132131220
0230132131221
0230132131222
0230132131223
0230132131230
0230132132000
0230132132001
0230132132002
0230132132003
0230132132010
0230132132011
0230132132012
0230132132013
0230132132020
0230132132021
0230132132022
0230132132023
0230132132030
0230132132031
0230132132032
0230132132033
0230132132100
0230132132101
0230132132102
0230132132103
0230132132110
0230132132111
0230132132112
0230132132113
0230132132120
0230132132121
0230132132122
0230132132123
0230132132130
0230132132131
0230132132132
0230132132200
0230132132201
0230132132202
0230132132203
0230132132210
0230132132211
0230132132212
0230132132213
0230132132220
0230132132221
0230132132222
0230132132223
0230132132230
0230132132231
0230132132232
0230132132300
0230132132301
0230132132302
0230132133000
0230132133001
0230132133002
0230132211100
0230132211101
0230132211110
0230132211111
0230132211113
0230132300000
0230132300001
0230132300002
0230132300003
0230132300010
0230132300011
0230132300012
0230132300013
0230132300021
0230132300030
0230132300031
0230132300100
0230132300101
0230132300102
0230132300103
0230132300110
0230132300111
0230132300112
0230132300113
0230132300120
0230132300121
0230132300130
0230132300131
0230132301000
0230132301001
0230132301002
0230132301003
0230132301010
0230132301011
0230132301012
0230132301013
0230132301020
0230132301021
0230132301030
0230132301031
0230132301100
0230132301101
0230132301102
0230132301103
0230132301110
0230132301111
0230132301112
0230132310000
