023013003212
023013003213
023013003221
023013003222
023013003223
023013003230
023013003231
023013003232
023013003233
023013003300
023013003301
023013003302
023013003303
023013003310
023013003311
023013003312
023013003313
023013003320
023013003321
023013003322
023013003323
023013003330
023013003331
023013003332
023013003333
023013012200
023013012201
023013012202
023013012203
023013012210
023013012211
023013012212
023013012213
023013012220
023013012221
023013012222
023013012223
023013012230
023013012231
023013012232
023013012233
023013012302
023013012303
023013012320
023013012321
023013012322
023013012323
023013012330
023013012332
023013012333
023013020111
023013020112
023013020113
023013020123
023013020130
023013020131
023013020132
023013020133
023013020301
023013020303
023013020310
023013020311
023013020312
023013020313
023013020320
023013020321
023013020322
023013020323
023013020330
023013020331
023013020332
023013020333
023013021000
023013021001
023013021002
023013021003
023013021010
023013021011
023013021012
023013021013
023013021020
023013021021
023013021022
023013021023
023013021030
023013021031
023013021032
023013021033
023013021100
023013021101
023013021102
023013021103
023013021110
023013021111
023013021112
023013021113
023013021120
023013021121
023013021122
023013021123
023013021130
023013021131
023013021132
023013021133
023013021200
023013021201
023013021202
023013021203
023013021210
023013021211
023013021212
023013021213
023013021220
023013021221
023013021222
023013021223
023013021230
023013021231
023013021232
023013021233
023013021300
023013021301
023013021302
023013021303
023013021310
023013021311
023013021312
023013021313
023013021320
023013021321
023013021322
023013021323
023013021330
023013021331
023013021332
023013021333
023013022100
023013022101
023013022102
023013022103
023013022110
023013022111
023013022112
023013022113
023013022120
023013022121
023013022122
023013022123
023013022130
023013022131
023013022132
023013022133
023013022300
023013022301
023013022302
023013022303
023013022310
023013022311
023013022312
023013022313
023013022320
023013022321
023013022322
023013022323
023013022330
023013022331
023013022332
023013022333
023013023000
023013023001
023013023002
023013023003
023013023010
023013023011
023013023012
023013023013
023013023020
023013023021
023013023022
023013023023
023013023030
023013023031
023013023032
023013023033
023013023100
023013023101
023013023102
023013023103
023013023110
023013023111
023013023112
023013023113
023013023120
023013023121
023013023122
023013023123
023013023130
023013023131
023013023132
023013023133
023013023200
023013023201
023013023202
023013023203
023013023210
023013023211
023013023212
023013023213
023013023220
023013023221
023013023222
023013023223
023013023230
023013023231
023013023232
023013023233
023013023300
023013023301
023013023302
023013023303
023013023310
023013023311
023013023312
023013023313
023013023320
023013023321
023013023322
023013023323
023013023330
023013023331
023013023332
023013023333
023013030000
023013030001
023013030002
023013030003
023013030010
023013030011
023013030012
023013030013
023013030020
023013030021
023013030022
023013030023
023013030030
023013030031
023013030032
023013030033
023013030100
023013030101
023013030102
023013030103
023013030110
023013030111
023013030112
023013030113
023013030120
023013030121
023013030122
023013030123
023013030130
023013030131
023013030132
023013030133
023013030200
023013030201
023013030202
023013030203
023013030210
023013030211
023013030212
023013030213
023013030220
023013030221
023013030222
023013030223
023013030230
023013030231
023013030232
023013030233
023013030300
023013030301
023013030302
023013030303
023013030310
023013030311
023013030312
023013030313
023013030320
023013030321
023013030322
023013030323
023013030330
023013030331
023013030332
023013030333
023013031000
023013031002
023013031003
023013031020
023013031021
023013031022
023013031023
023013031030
023013031032
023013031033
023013031200
023013031201
023013031202
023013031203
023013031210
023013031211
023013031212
023013031213
023013031220
023013031221
023013031222
023013031223
023013031230
023013031231
023013031232
023013031233
023013031302
023013031320
023013031321
023013031322
023013031323
023013032000
023013032001
023013032002
023013032003
023013032010
023013032011
023013032012
023013032013
023013032020
023013032021
023013032022
023013032023
023013032030
023013032031
023013032032
023013032033
023013032100
023013032101
023013032102
023013032103
023013032110
023013032111
023013032112
023013032113
023013032120
023013032121
023013032122
023013032123
023013032130
023013032131
023013032132
023013032133
023013032200
023013032201
023013032202
023013032203
023013032210
023013032211
023013032212
023013032213
023013032220
023013032221
023013032222
023013032223
023013032230
023013032231
023013032232
023013032233
023013032300
023013032301
023013032302
023013032303
023013032310
023013032311
023013032312
023013032313
023013032320
023013032321
023013032322
023013032323
023013032330
023013032331
023013032332
023013032333
023013033000
023013033001
023013033002
023013033003
023013033010
023013033011
023013033012
023013033013
023013033020
023013033021
023013033022
023013033023
023013033030
023013033031
023013033032
023013033033
023013033100
023013033101
023013033102
023013033103
023013033112
023013033120
023013033121
023013033122
023013033123
023013033130
023013033132
023013033200
023013033201
023013033202
023013033203
023013033210
023013033211
023013033212
023013033213
023013033220
023013033221
023013033222
023013033223
023013033230
023013033231
023013033232
023013033233
023013033300
023013033301
023013033302
023013033303
023013033310
023013033312
023013033313
023013033320
023013033321
023013033322
023013033323
023013033330
023013033331
023013033332
023013033333
023013200101
023013200103
023013200110
023013200111
023013200112
023013200113
023013200130
023013200131
023013200132
023013200133
023013200311
023013200313
023013200331
023013201000
023013201001
023013201002
023013201003
023013201010
023013201011
023013201012
023013201013
023013201020
023013201021
023013201022
023013201023
023013201030
023013201031
023013201032
023013201033
023013201100
023013201101
023013201102
023013201103
023013201110
023013201111
023013201112
023013201113
023013201120
023013201121
023013201122
023013201123
023013201130
023013201131
023013201132
023013201133
023013201200
023013201201
023013201202
023013201203
023013201210
023013201211
023013201212
023013201213
023013201220
023013201221
023013201222
023013201223
023013201230
023013201231
023013201232
023013201233
023013201300
023013201301
023013201302
023013201303
023013201310
023013201311
023013201312
023013201313
023013201320
023013201321
023013201322
023013201323
023013201330
023013201331
023013201332
023013201333
023013203000
023013203001
023013203002
023013203003
023013203010
023013203011
023013203012
023013203013
023013203021
023013203023
023013203030
023013203031
023013203032
023013203033
023013203100
023013203101
023013203102
023013203103
023013203110
023013203111
023013203112
023013203113
023013203120
023013203121
023013203122
023013203123
023013203130
023013203131
023013203132
023013203133
023013203210
023013203211
023013203213
023013203300
023013203301
023013203302
023013203303
023013203310
023013203311
023013203312
023013203313
023013203320
023013203321
023013203323
023013203330
023013203331
023013203332
023013203333
023013210000
023013210001
023013210002
023013210003
023013210010
023013210011
023013210012
023013210013
023013210020
023013210021
023013210022
023013210023
023013210030
023013210031
023013210032
023013210033
023013210100
023013210101
023013210102
023013210103
023013210110
023013210111
023013210112
023013210113
023013210120
023013210121
023013210122
023013210123
023013210130
023013210131
023013210132
023013210133
023013210200
023013210201
023013210202
023013210203
023013210210
023013210211
023013210212
023013210213
023013210220
023013210221
023013210222
023013210223
023013210230
023013210231
023013210232
023013210233
023013210300
023013210301
023013210302
023013210303
023013210310
023013210311
023013210312
023013210313
023013210320
023013210321
023013210322
023013210323
023013210330
023013210331
023013210332
023013210333
023013211000
023013211001
023013211002
023013211003
023013211010
023013211011
023013211012
023013211013
023013211020
023013211021
023013211022
023013211023
023013211030
023013211031
023013211032
023013211033
023013211100
023013211101
023013211102
023013211103
023013211110
023013211111
023013211112
023013211113
023013211120
023013211121
023013211122
023013211123
023013211130
023013211131
023013211132
023013211133
023013211200
023013211201
023013211202
023013211203
023013211210
023013211211
023013211212
023013211213
023013211220
023013211221
023013211222
023013211223
023013211230
023013211231
023013211232
023013211233
023013211300
023013211301
023013211302
023013211303
023013211310
023013211311
023013211312
023013211313
023013211320
023013211321
023013211322
023013211323
023013211330
023013211332
023013212000
023013212001
023013212002
023013212003
023013212010
023013212011
023013212012
023013212013
023013212020
023013212021
023013212022
023013212023
023013212030
023013212031
023013212032
023013212033
023013212100
023013212101
023013212102
023013212103
023013212110
023013212111
023013212112
023013212113
023013212120
023013212121
023013212122
023013212123
023013212130
023013212131
023013212132
023013212133
023013212200
023013212201
023013212202
023013212203
023013212210
023013212211
023013212212
023013212213
023013212220
023013212221
023013212222
023013212223
023013212230
023013212231
023013212232
023013212233
023013212300
023013212301
023013212302
023013212303
023013212310
023013212311
023013212312
023013212313
023013212320
023013212321
023013212322
023013212323
023013212330
023013212331
023013212332
023013212333
023013213000
023013213001
023013213002
023013213003
023013213010
023013213011
023013213012
023013213013
023013213020
023013213021
023013213022
023013213023
023013213030
023013213031
023013213032
023013213033
023013213100
023013213101
023013213102
023013213103
023013213110
023013213120
023013213121
023013213122
023013213200
023013213201
023013213202
023013213203
023013213210
023013213211
023013213212
023013213213
023013213220
023013213221
023013213222
023013213223
023013213230
023013213300
023013221111
023013230000
023013230001
023013230010
023013230011
023013230012
023013230013
023013230100
023013230101
023013230102
023013230110
023013230111
