132123030332
132123030333
132123031203
132123031212
132123031213
132123031220
132123031221
132123031222
132123031223
132123031230
132123031231
132123031232
132123031233
132123031301
132123031302
132123031303
132123031310
132123031312
132123031313
132123031320
132123031321
132123031322
132123031323
132123031330
132123031331
132123031332
132123031333
132123032103
132123032110
132123032111
132123032112
132123032113
132123032120
132123032121
132123032122
132123032123
132123032130
132123032131
132123032132
132123032133
132123032211
132123032213
132123032231
132123032233
132123032300
132123032301
132123032302
132123032303
132123032310
132123032311
132123032312
132123032313
132123032320
132123032321
132123032322
132123032323
132123032330
132123032331
132123032332
132123032333
132123033000
132123033001
132123033002
132123033003
132123033010
132123033011
132123033012
132123033013
132123033020
132123033021
132123033022
132123033023
132123033030
132123033031
132123033032
132123033033
132123033100
132123033101
132123033102
132123033103
132123033110
132123033111
132123033112
132123033113
132123033120
132123033121
132123033122
132123033123
132123033130
132123033131
132123033132
132123033133
132123033200
132123033201
132123033202
132123033203
132123033210
132123033211
132123033212
132123033213
132123033220
132123033221
132123033222
132123033223
132123033230
132123033231
132123033232
132123033233
132123033300
132123033301
132123033302
132123033303
132123033310
132123033311
132123033312
132123033313
132123033320
132123033321
132123033322
132123033323
132123033330
132123033331
132123033332
132123033333
132123120202
132123120203
132123120212
132123120213
132123120220
132123120221
132123120222
132123120223
132123120230
132123120231
132123120232
132123120233
132123120302
132123120320
132123120321
132123120322
132123120323
132123120330
132123120332
132123120333
132123121222
132123122000
132123122001
132123122002
132123122003
132123122010
132123122011
132123122012
132123122013
132123122020
132123122021
132123122022
132123122023
132123122030
132123122031
132123122032
132123122033
132123122100
132123122101
132123122102
132123122103
132123122110
132123122111
132123122112
132123122113
132123122120
132123122121
132123122122
132123122123
132123122130
132123122131
132123122132
132123122133
132123122200
132123122201
132123122202
132123122203
132123122210
132123122211
132123122212
132123122213
132123122220
132123122221
132123122222
132123122223
132123122230
132123122231
132123122232
132123122233
132123122300
132123122301
132123122302
132123122303
132123122310
132123122311
132123122312
132123122313
132123122320
132123122321
132123122322
132123122323
132123122330
132123122331
132123122332
132123122333
132123123000
132123123001
132123123002
132123123003
132123123020
132123123021
132123123022
132123123023
132123123030
132123123032
132123123033
132123123200
132123123201
132123123202
132123123203
132123123210
132123123211
132123123212
132123123213
132123123220
132123123221
132123123222
132123123223
132123123230
132123123231
132123123232
132123123233
132123123320
132123123322
132123210011
132123210013
132123210030
132123210031
132123210032
132123210033
132123210100
132123210101
132123210102
132123210103
132123210110
132123210111
132123210112
132123210113
132123210120
132123210121
132123210122
132123210123
132123210130
132123210131
132123210132
132123210133
132123210210
132123210211
132123210212
132123210213
132123210230
132123210231
132123210232
132123210233
132123210300
132123210301
132123210302
132123210303
132123210310
132123210311
132123210312
132123210313
132123210320
132123210321
132123210322
132123210323
132123210330
132123210331
132123210332
132123210333
132123211000
132123211001
132123211002
132123211003
132123211010
132123211011
132123211012
132123211013
132123211020
132123211021
132123211022
132123211023
132123211030
132123211031
132123211032
132123211033
132123211100
132123211101
132123211102
132123211103
132123211110
132123211111
132123211112
132123211113
132123211120
132123211121
132123211122
132123211123
132123211130
132123211131
132123211132
132123211133
132123211200
132123211201
132123211202
132123211203
132123211210
132123211211
132123211212
132123211213
132123211220
132123211221
132123211222
132123211223
132123211230
132123211231
132123211232
132123211233
132123211300
132123211301
132123211302
132123211303
132123211310
132123211311
132123211312
132123211313
132123211320
132123211321
132123211322
132123211323
132123211330
132123211331
132123211332
132123211333
132123212010
132123212011
132123212012
132123212013
132123212030
132123212031
132123212032
132123212033
132123212100
132123212101
132123212102
132123212103
132123212110
132123212111
132123212112
132123212113
132123212120
132123212121
132123212122
132123212123
132123212130
132123212131
132123212132
132123212133
132123212210
132123212211
132123212212
132123212213
132123212230
132123212231
132123212232
132123212233
132123212300
132123212301
132123212302
132123212303
132123212310
132123212311
132123212312
132123212313
132123212320
132123212321
132123212322
132123212323
132123212330
132123212331
132123212332
132123212333
132123213000
132123213001
132123213002
132123213003
132123213010
132123213011
132123213012
132123213013
132123213020
132123213021
132123213022
132123213023
132123213030
132123213031
132123213032
132123213033
132123213100
132123213101
132123213102
132123213103
132123213110
132123213111
132123213112
132123213113
132123213120
132123213121
132123213122
132123213123
132123213130
132123213131
132123213132
132123213133
132123213200
132123213201
132123213202
132123213203
132123213210
132123213211
132123213212
132123213213
132123213220
132123213221
132123213222
132123213223
132123213230
132123213231
132123213232
132123213233
132123213300
132123213301
132123213302
132123213303
132123213310
132123213311
132123213312
132123213313
132123213320
132123213321
132123213322
132123213323
132123213330
132123213331
132123213332
132123213333
132123230011
132123230013
132123230100
132123230101
132123230102
132123230103
132123230110
132123230111
132123230112
132123230113
132123230120
132123230121
132123230123
132123230130
132123230131
132123230132
132123230133
132123230301
132123230310
132123230311
132123230313
132123231000
132123231001
132123231002
132123231003
132123231010
132123231011
132123231012
132123231013
132123231020
132123231021
132123231022
132123231023
132123231030
132123231031
132123231032
132123231033
132123231100
132123231101
132123231102
132123231103
132123231110
132123231111
132123231112
132123231113
132123231120
132123231121
132123231122
132123231123
132123231130
132123231131
132123231132
132123231133
132123231200
132123231201
132123231202
132123231203
132123231210
132123231211
132123231212
132123231213
132123231220
132123231221
132123231230
132123231231
132123231300
132123231301
132123231302
132123231303
132123231310
132123231311
132123231312
132123231313
132123231320
132123231321
132123231322
132123231323
132123231330
132123231331
132123231332
132123231333
132123300000
132123300001
132123300002
132123300003
132123300010
132123300011
132123300012
132123300013
132123300020
132123300021
132123300022
132123300023
132123300030
132123300031
132123300032
132123300033
132123300100
132123300101
132123300102
132123300103
132123300110
132123300111
132123300112
132123300113
132123300120
132123300121
132123300122
132123300123
132123300130
132123300131
132123300132
132123300133
132123300200
132123300201
132123300202
132123300203
132123300210
132123300211
132123300212
132123300213
132123300220
132123300221
132123300222
132123300223
132123300230
132123300231
132123300232
132123300233
132123300300
132123300301
132123300302
132123300303
132123300310
132123300311
132123300312
132123300313
132123300320
132123300321
132123300322
132123300323
132123300330
132123300331
132123300332
132123300333
132123301000
132123301001
132123301002
132123301003
132123301010
132123301011
132123301012
132123301013
132123301020
132123301021
132123301022
132123301023
132123301030
132123301031
132123301032
132123301033
132123301100
132123301102
132123301120
132123301122
132123301200
132123301201
132123301202
132123301203
132123301210
132123301211
132123301212
132123301213
132123301220
132123301221
132123301222
132123301223
132123301230
132123301231
132123301232
132123301233
132123301300
132123301302
132123302000
132123302001
132123302002
132123302003
132123302010
132123302011
132123302012
132123302013
132123302020
132123302021
132123302022
132123302023
132123302030
132123302031
132123302032
132123302033
132123302100
132123302101
132123302102
132123302103
132123302110
132123302111
132123302112
132123302113
132123302120
132123302121
132123302122
132123302123
132123302130
132123302131
132123302132
132123302133
132123302200
132123302201
132123302202
132123302203
132123302210
132123302211
132123302212
132123302213
132123302220
132123302221
132123302222
132123302223
132123302230
132123302231
132123302232
132123302233
132123302300
132123302301
132123302302
132123302303
132123302310
132123302311
132123302312
132123302313
132123302320
132123302321
132123302322
132123302323
132123302330
132123302331
132123302332
132123302333
132123303000
132123303001
132123303002
132123303003
132123303010
132123303011
132123303012
132123303013
132123303020
132123303021
132123303022
132123303023
132123303030
132123303031
132123303032
132123303033
132123303200
132123303201
132123303202
132123303203
132123303210
132123303211
132123303212
132123303213
132123303220
132123303221
132123303222
132123303223
132123303230
132123303231
132123303232
132123320000
132123320001
132123320002
132123320003
132123320010
132123320011
132123320012
132123320013
132123320020
132123320021
132123320022
132123320023
132123320030
132123320031
132123320032
132123320033
132123320100
132123320101
132123320102
132123320103
132123320110
132123320111
132123320112
132123320113
132123320120
132123320121
132123320122
132123320123
132123320130
132123320131
132123320132
132123320133
132123320200
132123320201
132123320202
132123320203
132123320210
132123320211
132123320212
132123320213
132123320220
132123320221
132123320222
132123320223
132123320230
132123320231
132123320232
132123320233
132123320300
132123320301
132123320302
132123320303
132123320310
132123320311
132123320312
132123320320
132123320321
132123321000
132123321001
132123321002
132123321003
132123321010
132123321012
132123321020
132123321021
132123321022
132123321200
